>> C_D_Experimentos
Warning: Directory already exists. 
> In C_D_Experimentos at 31 
Warning: Directory already exists. 
> In C_D_Experimentos at 35 
Warning: Directory already exists. 
> In C_D_Experimentos at 39 

Problema =

     5


Evaluaciones =

      250000


N =

    14


Cantidad_Simplex =

     9


Poblacion =

   135


corrida =

     1


Solutions =

   0.114786189668555   0.167318785300135   0.152580284286420   0.117467995973267   0.154475383476154   0.117868247527431


corrida =

     2


Solutions =

   0.114786189668555   0.167318785300135   0.152580284286420   0.117467995973267   0.154475383476154   0.117868247527431
   0.117562962210074   0.158677476351903   0.157261514309757   0.114876441502384   0.117671214204473   0.115979413263923


corrida =

     3


Solutions =

   0.114786189668555   0.167318785300135   0.152580284286420   0.117467995973267   0.154475383476154   0.117868247527431
   0.117562962210074   0.158677476351903   0.157261514309757   0.114876441502384   0.117671214204473   0.115979413263923
   0.114105385754894   0.157893344252626   0.152316905589369   0.118090079167711   0.113852426187907   0.113876922567045


corrida =

     4


Solutions =

   0.114786189668555   0.167318785300135   0.152580284286420   0.117467995973267   0.154475383476154   0.117868247527431
   0.117562962210074   0.158677476351903   0.157261514309757   0.114876441502384   0.117671214204473   0.115979413263923
   0.114105385754894   0.157893344252626   0.152316905589369   0.118090079167711   0.113852426187907   0.113876922567045
   0.114799874954523   0.189116016324737   0.157301399352854   0.114578471053473   0.156105965290658   0.156167058818349


corrida =

     5


Solutions =

   0.114786189668555   0.167318785300135   0.152580284286420   0.117467995973267   0.154475383476154   0.117868247527431
   0.117562962210074   0.158677476351903   0.157261514309757   0.114876441502384   0.117671214204473   0.115979413263923
   0.114105385754894   0.157893344252626   0.152316905589369   0.118090079167711   0.113852426187907   0.113876922567045
   0.114799874954523   0.189116016324737   0.157301399352854   0.114578471053473   0.156105965290658   0.156167058818349
   0.113881109941906   0.114284747790514   0.157289643794299   0.113873511612083   0.156758093864983   0.113880283343851


corrida =

     6


Solutions =

   0.114786189668555   0.167318785300135   0.152580284286420   0.117467995973267   0.154475383476154   0.117868247527431
   0.117562962210074   0.158677476351903   0.157261514309757   0.114876441502384   0.117671214204473   0.115979413263923
   0.114105385754894   0.157893344252626   0.152316905589369   0.118090079167711   0.113852426187907   0.113876922567045
   0.114799874954523   0.189116016324737   0.157301399352854   0.114578471053473   0.156105965290658   0.156167058818349
   0.113881109941906   0.114284747790514   0.157289643794299   0.113873511612083   0.156758093864983   0.113880283343851
   0.164270736117726   0.117498155315069   0.113852834349314   0.115812358030511   0.114704521309717   0.113903958218256


corrida =

     7


Solutions =

   0.114786189668555   0.167318785300135   0.152580284286420   0.117467995973267   0.154475383476154   0.117868247527431
   0.117562962210074   0.158677476351903   0.157261514309757   0.114876441502384   0.117671214204473   0.115979413263923
   0.114105385754894   0.157893344252626   0.152316905589369   0.118090079167711   0.113852426187907   0.113876922567045
   0.114799874954523   0.189116016324737   0.157301399352854   0.114578471053473   0.156105965290658   0.156167058818349
   0.113881109941906   0.114284747790514   0.157289643794299   0.113873511612083   0.156758093864983   0.113880283343851
   0.164270736117726   0.117498155315069   0.113852834349314   0.115812358030511   0.114704521309717   0.113903958218256
   0.115477260397914   0.156335039861924   0.157434545506937   0.116874651140738   0.113856993630961   0.153954578293982


corrida =

     8


Solutions =

   0.114786189668555   0.167318785300135   0.152580284286420   0.117467995973267   0.154475383476154   0.117868247527431
   0.117562962210074   0.158677476351903   0.157261514309757   0.114876441502384   0.117671214204473   0.115979413263923
   0.114105385754894   0.157893344252626   0.152316905589369   0.118090079167711   0.113852426187907   0.113876922567045
   0.114799874954523   0.189116016324737   0.157301399352854   0.114578471053473   0.156105965290658   0.156167058818349
   0.113881109941906   0.114284747790514   0.157289643794299   0.113873511612083   0.156758093864983   0.113880283343851
   0.164270736117726   0.117498155315069   0.113852834349314   0.115812358030511   0.114704521309717   0.113903958218256
   0.115477260397914   0.156335039861924   0.157434545506937   0.116874651140738   0.113856993630961   0.153954578293982
   0.115025648568193   0.120772670383785   0.113852426416557   0.113866323647646   0.154712921999790   0.158064978718730


corrida =

     9


Solutions =

   0.114786189668555   0.167318785300135   0.152580284286420   0.117467995973267   0.154475383476154   0.117868247527431
   0.117562962210074   0.158677476351903   0.157261514309757   0.114876441502384   0.117671214204473   0.115979413263923
   0.114105385754894   0.157893344252626   0.152316905589369   0.118090079167711   0.113852426187907   0.113876922567045
   0.114799874954523   0.189116016324737   0.157301399352854   0.114578471053473   0.156105965290658   0.156167058818349
   0.113881109941906   0.114284747790514   0.157289643794299   0.113873511612083   0.156758093864983   0.113880283343851
   0.164270736117726   0.117498155315069   0.113852834349314   0.115812358030511   0.114704521309717   0.113903958218256
   0.115477260397914   0.156335039861924   0.157434545506937   0.116874651140738   0.113856993630961   0.153954578293982
   0.115025648568193   0.120772670383785   0.113852426416557   0.113866323647646   0.154712921999790   0.158064978718730
   0.115888998825087   0.166849746868854   0.156638264667297   0.153039553467787   0.159328014031649   0.158172616644902


corrida =

    10


Solutions =

   0.114786189668555   0.167318785300135   0.152580284286420   0.117467995973267   0.154475383476154   0.117868247527431
   0.117562962210074   0.158677476351903   0.157261514309757   0.114876441502384   0.117671214204473   0.115979413263923
   0.114105385754894   0.157893344252626   0.152316905589369   0.118090079167711   0.113852426187907   0.113876922567045
   0.114799874954523   0.189116016324737   0.157301399352854   0.114578471053473   0.156105965290658   0.156167058818349
   0.113881109941906   0.114284747790514   0.157289643794299   0.113873511612083   0.156758093864983   0.113880283343851
   0.164270736117726   0.117498155315069   0.113852834349314   0.115812358030511   0.114704521309717   0.113903958218256
   0.115477260397914   0.156335039861924   0.157434545506937   0.116874651140738   0.113856993630961   0.153954578293982
   0.115025648568193   0.120772670383785   0.113852426416557   0.113866323647646   0.154712921999790   0.158064978718730
   0.115888998825087   0.166849746868854   0.156638264667297   0.153039553467787   0.159328014031649   0.158172616644902
   0.155873422902677   0.153693508083183   0.179991083025125   0.153049351460766   0.113863292649528   0.156342182648415


corrida =

    11


Solutions =

   0.114786189668555   0.167318785300135   0.152580284286420   0.117467995973267   0.154475383476154   0.117868247527431
   0.117562962210074   0.158677476351903   0.157261514309757   0.114876441502384   0.117671214204473   0.115979413263923
   0.114105385754894   0.157893344252626   0.152316905589369   0.118090079167711   0.113852426187907   0.113876922567045
   0.114799874954523   0.189116016324737   0.157301399352854   0.114578471053473   0.156105965290658   0.156167058818349
   0.113881109941906   0.114284747790514   0.157289643794299   0.113873511612083   0.156758093864983   0.113880283343851
   0.164270736117726   0.117498155315069   0.113852834349314   0.115812358030511   0.114704521309717   0.113903958218256
   0.115477260397914   0.156335039861924   0.157434545506937   0.116874651140738   0.113856993630961   0.153954578293982
   0.115025648568193   0.120772670383785   0.113852426416557   0.113866323647646   0.154712921999790   0.158064978718730
   0.115888998825087   0.166849746868854   0.156638264667297   0.153039553467787   0.159328014031649   0.158172616644902
   0.155873422902677   0.153693508083183   0.179991083025125   0.153049351460766   0.113863292649528   0.156342182648415
   0.113854395628127   0.132186965798446   0.157312922497825   0.152135086919260   0.113871600701867   0.165595510220102


corrida =

    12


Solutions =

   0.114786189668555   0.167318785300135   0.152580284286420   0.117467995973267   0.154475383476154   0.117868247527431
   0.117562962210074   0.158677476351903   0.157261514309757   0.114876441502384   0.117671214204473   0.115979413263923
   0.114105385754894   0.157893344252626   0.152316905589369   0.118090079167711   0.113852426187907   0.113876922567045
   0.114799874954523   0.189116016324737   0.157301399352854   0.114578471053473   0.156105965290658   0.156167058818349
   0.113881109941906   0.114284747790514   0.157289643794299   0.113873511612083   0.156758093864983   0.113880283343851
   0.164270736117726   0.117498155315069   0.113852834349314   0.115812358030511   0.114704521309717   0.113903958218256
   0.115477260397914   0.156335039861924   0.157434545506937   0.116874651140738   0.113856993630961   0.153954578293982
   0.115025648568193   0.120772670383785   0.113852426416557   0.113866323647646   0.154712921999790   0.158064978718730
   0.115888998825087   0.166849746868854   0.156638264667297   0.153039553467787   0.159328014031649   0.158172616644902
   0.155873422902677   0.153693508083183   0.179991083025125   0.153049351460766   0.113863292649528   0.156342182648415
   0.113854395628127   0.132186965798446   0.157312922497825   0.152135086919260   0.113871600701867   0.165595510220102
   0.115269552162803   0.117465332564015   0.123280641209881   0.156215650815151   0.158611670361336   0.113858211306956


corrida =

    13


Solutions =

   0.114786189668555   0.167318785300135   0.152580284286420   0.117467995973267   0.154475383476154   0.117868247527431
   0.117562962210074   0.158677476351903   0.157261514309757   0.114876441502384   0.117671214204473   0.115979413263923
   0.114105385754894   0.157893344252626   0.152316905589369   0.118090079167711   0.113852426187907   0.113876922567045
   0.114799874954523   0.189116016324737   0.157301399352854   0.114578471053473   0.156105965290658   0.156167058818349
   0.113881109941906   0.114284747790514   0.157289643794299   0.113873511612083   0.156758093864983   0.113880283343851
   0.164270736117726   0.117498155315069   0.113852834349314   0.115812358030511   0.114704521309717   0.113903958218256
   0.115477260397914   0.156335039861924   0.157434545506937   0.116874651140738   0.113856993630961   0.153954578293982
   0.115025648568193   0.120772670383785   0.113852426416557   0.113866323647646   0.154712921999790   0.158064978718730
   0.115888998825087   0.166849746868854   0.156638264667297   0.153039553467787   0.159328014031649   0.158172616644902
   0.155873422902677   0.153693508083183   0.179991083025125   0.153049351460766   0.113863292649528   0.156342182648415
   0.113854395628127   0.132186965798446   0.157312922497825   0.152135086919260   0.113871600701867   0.165595510220102
   0.115269552162803   0.117465332564015   0.123280641209881   0.156215650815151   0.158611670361336   0.113858211306956
   0.114502163743733   0.163116606577152   0.158945984335133   0.115824284712099   0.114322398945761   0.154449999336232


corrida =

    14


Solutions =

   0.114786189668555   0.167318785300135   0.152580284286420   0.117467995973267   0.154475383476154   0.117868247527431
   0.117562962210074   0.158677476351903   0.157261514309757   0.114876441502384   0.117671214204473   0.115979413263923
   0.114105385754894   0.157893344252626   0.152316905589369   0.118090079167711   0.113852426187907   0.113876922567045
   0.114799874954523   0.189116016324737   0.157301399352854   0.114578471053473   0.156105965290658   0.156167058818349
   0.113881109941906   0.114284747790514   0.157289643794299   0.113873511612083   0.156758093864983   0.113880283343851
   0.164270736117726   0.117498155315069   0.113852834349314   0.115812358030511   0.114704521309717   0.113903958218256
   0.115477260397914   0.156335039861924   0.157434545506937   0.116874651140738   0.113856993630961   0.153954578293982
   0.115025648568193   0.120772670383785   0.113852426416557   0.113866323647646   0.154712921999790   0.158064978718730
   0.115888998825087   0.166849746868854   0.156638264667297   0.153039553467787   0.159328014031649   0.158172616644902
   0.155873422902677   0.153693508083183   0.179991083025125   0.153049351460766   0.113863292649528   0.156342182648415
   0.113854395628127   0.132186965798446   0.157312922497825   0.152135086919260   0.113871600701867   0.165595510220102
   0.115269552162803   0.117465332564015   0.123280641209881   0.156215650815151   0.158611670361336   0.113858211306956
   0.114502163743733   0.163116606577152   0.158945984335133   0.115824284712099   0.114322398945761   0.154449999336232
   0.115700043002234   0.164953291536274   0.113904420177091   0.153621530003161   0.113852450002624   0.116887517769414


corrida =

    15


Solutions =

   0.114786189668555   0.167318785300135   0.152580284286420   0.117467995973267   0.154475383476154   0.117868247527431
   0.117562962210074   0.158677476351903   0.157261514309757   0.114876441502384   0.117671214204473   0.115979413263923
   0.114105385754894   0.157893344252626   0.152316905589369   0.118090079167711   0.113852426187907   0.113876922567045
   0.114799874954523   0.189116016324737   0.157301399352854   0.114578471053473   0.156105965290658   0.156167058818349
   0.113881109941906   0.114284747790514   0.157289643794299   0.113873511612083   0.156758093864983   0.113880283343851
   0.164270736117726   0.117498155315069   0.113852834349314   0.115812358030511   0.114704521309717   0.113903958218256
   0.115477260397914   0.156335039861924   0.157434545506937   0.116874651140738   0.113856993630961   0.153954578293982
   0.115025648568193   0.120772670383785   0.113852426416557   0.113866323647646   0.154712921999790   0.158064978718730
   0.115888998825087   0.166849746868854   0.156638264667297   0.153039553467787   0.159328014031649   0.158172616644902
   0.155873422902677   0.153693508083183   0.179991083025125   0.153049351460766   0.113863292649528   0.156342182648415
   0.113854395628127   0.132186965798446   0.157312922497825   0.152135086919260   0.113871600701867   0.165595510220102
   0.115269552162803   0.117465332564015   0.123280641209881   0.156215650815151   0.158611670361336   0.113858211306956
   0.114502163743733   0.163116606577152   0.158945984335133   0.115824284712099   0.114322398945761   0.154449999336232
   0.115700043002234   0.164953291536274   0.113904420177091   0.153621530003161   0.113852450002624   0.116887517769414
   0.114030190649616   0.145657026538157   0.154171744302046   0.113899447614618   0.120801302546564   0.153135559051863


corrida =

    16


Solutions =

   0.114786189668555   0.167318785300135   0.152580284286420   0.117467995973267   0.154475383476154   0.117868247527431
   0.117562962210074   0.158677476351903   0.157261514309757   0.114876441502384   0.117671214204473   0.115979413263923
   0.114105385754894   0.157893344252626   0.152316905589369   0.118090079167711   0.113852426187907   0.113876922567045
   0.114799874954523   0.189116016324737   0.157301399352854   0.114578471053473   0.156105965290658   0.156167058818349
   0.113881109941906   0.114284747790514   0.157289643794299   0.113873511612083   0.156758093864983   0.113880283343851
   0.164270736117726   0.117498155315069   0.113852834349314   0.115812358030511   0.114704521309717   0.113903958218256
   0.115477260397914   0.156335039861924   0.157434545506937   0.116874651140738   0.113856993630961   0.153954578293982
   0.115025648568193   0.120772670383785   0.113852426416557   0.113866323647646   0.154712921999790   0.158064978718730
   0.115888998825087   0.166849746868854   0.156638264667297   0.153039553467787   0.159328014031649   0.158172616644902
   0.155873422902677   0.153693508083183   0.179991083025125   0.153049351460766   0.113863292649528   0.156342182648415
   0.113854395628127   0.132186965798446   0.157312922497825   0.152135086919260   0.113871600701867   0.165595510220102
   0.115269552162803   0.117465332564015   0.123280641209881   0.156215650815151   0.158611670361336   0.113858211306956
   0.114502163743733   0.163116606577152   0.158945984335133   0.115824284712099   0.114322398945761   0.154449999336232
   0.115700043002234   0.164953291536274   0.113904420177091   0.153621530003161   0.113852450002624   0.116887517769414
   0.114030190649616   0.145657026538157   0.154171744302046   0.113899447614618   0.120801302546564   0.153135559051863
   0.114325013615402   0.169468506782755   0.154855208772959   0.113852426187907   0.152566333150839   0.118469575484089


corrida =

    17


Solutions =

   0.114786189668555   0.167318785300135   0.152580284286420   0.117467995973267   0.154475383476154   0.117868247527431
   0.117562962210074   0.158677476351903   0.157261514309757   0.114876441502384   0.117671214204473   0.115979413263923
   0.114105385754894   0.157893344252626   0.152316905589369   0.118090079167711   0.113852426187907   0.113876922567045
   0.114799874954523   0.189116016324737   0.157301399352854   0.114578471053473   0.156105965290658   0.156167058818349
   0.113881109941906   0.114284747790514   0.157289643794299   0.113873511612083   0.156758093864983   0.113880283343851
   0.164270736117726   0.117498155315069   0.113852834349314   0.115812358030511   0.114704521309717   0.113903958218256
   0.115477260397914   0.156335039861924   0.157434545506937   0.116874651140738   0.113856993630961   0.153954578293982
   0.115025648568193   0.120772670383785   0.113852426416557   0.113866323647646   0.154712921999790   0.158064978718730
   0.115888998825087   0.166849746868854   0.156638264667297   0.153039553467787   0.159328014031649   0.158172616644902
   0.155873422902677   0.153693508083183   0.179991083025125   0.153049351460766   0.113863292649528   0.156342182648415
   0.113854395628127   0.132186965798446   0.157312922497825   0.152135086919260   0.113871600701867   0.165595510220102
   0.115269552162803   0.117465332564015   0.123280641209881   0.156215650815151   0.158611670361336   0.113858211306956
   0.114502163743733   0.163116606577152   0.158945984335133   0.115824284712099   0.114322398945761   0.154449999336232
   0.115700043002234   0.164953291536274   0.113904420177091   0.153621530003161   0.113852450002624   0.116887517769414
   0.114030190649616   0.145657026538157   0.154171744302046   0.113899447614618   0.120801302546564   0.153135559051863
   0.114325013615402   0.169468506782755   0.154855208772959   0.113852426187907   0.152566333150839   0.118469575484089
   0.114969387863563   0.130890690408734   0.120624550023615   0.158564845545038   0.155475140025696   0.158644532539043


corrida =

    18


Solutions =

   0.114786189668555   0.167318785300135   0.152580284286420   0.117467995973267   0.154475383476154   0.117868247527431
   0.117562962210074   0.158677476351903   0.157261514309757   0.114876441502384   0.117671214204473   0.115979413263923
   0.114105385754894   0.157893344252626   0.152316905589369   0.118090079167711   0.113852426187907   0.113876922567045
   0.114799874954523   0.189116016324737   0.157301399352854   0.114578471053473   0.156105965290658   0.156167058818349
   0.113881109941906   0.114284747790514   0.157289643794299   0.113873511612083   0.156758093864983   0.113880283343851
   0.164270736117726   0.117498155315069   0.113852834349314   0.115812358030511   0.114704521309717   0.113903958218256
   0.115477260397914   0.156335039861924   0.157434545506937   0.116874651140738   0.113856993630961   0.153954578293982
   0.115025648568193   0.120772670383785   0.113852426416557   0.113866323647646   0.154712921999790   0.158064978718730
   0.115888998825087   0.166849746868854   0.156638264667297   0.153039553467787   0.159328014031649   0.158172616644902
   0.155873422902677   0.153693508083183   0.179991083025125   0.153049351460766   0.113863292649528   0.156342182648415
   0.113854395628127   0.132186965798446   0.157312922497825   0.152135086919260   0.113871600701867   0.165595510220102
   0.115269552162803   0.117465332564015   0.123280641209881   0.156215650815151   0.158611670361336   0.113858211306956
   0.114502163743733   0.163116606577152   0.158945984335133   0.115824284712099   0.114322398945761   0.154449999336232
   0.115700043002234   0.164953291536274   0.113904420177091   0.153621530003161   0.113852450002624   0.116887517769414
   0.114030190649616   0.145657026538157   0.154171744302046   0.113899447614618   0.120801302546564   0.153135559051863
   0.114325013615402   0.169468506782755   0.154855208772959   0.113852426187907   0.152566333150839   0.118469575484089
   0.114969387863563   0.130890690408734   0.120624550023615   0.158564845545038   0.155475140025696   0.158644532539043
   0.114055217315744   0.115988290343966   0.158923678111529   0.174006378034668   0.113864715023964   0.152160863452498


corrida =

    19


Solutions =

   0.114786189668555   0.167318785300135   0.152580284286420   0.117467995973267   0.154475383476154   0.117868247527431
   0.117562962210074   0.158677476351903   0.157261514309757   0.114876441502384   0.117671214204473   0.115979413263923
   0.114105385754894   0.157893344252626   0.152316905589369   0.118090079167711   0.113852426187907   0.113876922567045
   0.114799874954523   0.189116016324737   0.157301399352854   0.114578471053473   0.156105965290658   0.156167058818349
   0.113881109941906   0.114284747790514   0.157289643794299   0.113873511612083   0.156758093864983   0.113880283343851
   0.164270736117726   0.117498155315069   0.113852834349314   0.115812358030511   0.114704521309717   0.113903958218256
   0.115477260397914   0.156335039861924   0.157434545506937   0.116874651140738   0.113856993630961   0.153954578293982
   0.115025648568193   0.120772670383785   0.113852426416557   0.113866323647646   0.154712921999790   0.158064978718730
   0.115888998825087   0.166849746868854   0.156638264667297   0.153039553467787   0.159328014031649   0.158172616644902
   0.155873422902677   0.153693508083183   0.179991083025125   0.153049351460766   0.113863292649528   0.156342182648415
   0.113854395628127   0.132186965798446   0.157312922497825   0.152135086919260   0.113871600701867   0.165595510220102
   0.115269552162803   0.117465332564015   0.123280641209881   0.156215650815151   0.158611670361336   0.113858211306956
   0.114502163743733   0.163116606577152   0.158945984335133   0.115824284712099   0.114322398945761   0.154449999336232
   0.115700043002234   0.164953291536274   0.113904420177091   0.153621530003161   0.113852450002624   0.116887517769414
   0.114030190649616   0.145657026538157   0.154171744302046   0.113899447614618   0.120801302546564   0.153135559051863
   0.114325013615402   0.169468506782755   0.154855208772959   0.113852426187907   0.152566333150839   0.118469575484089
   0.114969387863563   0.130890690408734   0.120624550023615   0.158564845545038   0.155475140025696   0.158644532539043
   0.114055217315744   0.115988290343966   0.158923678111529   0.174006378034668   0.113864715023964   0.152160863452498
   0.113928857551883   0.153321248201072   0.159853735824681   0.155779434465343   0.117198396975194   0.118068606726295


corrida =

    20


Solutions =

   0.114786189668555   0.167318785300135   0.152580284286420   0.117467995973267   0.154475383476154   0.117868247527431
   0.117562962210074   0.158677476351903   0.157261514309757   0.114876441502384   0.117671214204473   0.115979413263923
   0.114105385754894   0.157893344252626   0.152316905589369   0.118090079167711   0.113852426187907   0.113876922567045
   0.114799874954523   0.189116016324737   0.157301399352854   0.114578471053473   0.156105965290658   0.156167058818349
   0.113881109941906   0.114284747790514   0.157289643794299   0.113873511612083   0.156758093864983   0.113880283343851
   0.164270736117726   0.117498155315069   0.113852834349314   0.115812358030511   0.114704521309717   0.113903958218256
   0.115477260397914   0.156335039861924   0.157434545506937   0.116874651140738   0.113856993630961   0.153954578293982
   0.115025648568193   0.120772670383785   0.113852426416557   0.113866323647646   0.154712921999790   0.158064978718730
   0.115888998825087   0.166849746868854   0.156638264667297   0.153039553467787   0.159328014031649   0.158172616644902
   0.155873422902677   0.153693508083183   0.179991083025125   0.153049351460766   0.113863292649528   0.156342182648415
   0.113854395628127   0.132186965798446   0.157312922497825   0.152135086919260   0.113871600701867   0.165595510220102
   0.115269552162803   0.117465332564015   0.123280641209881   0.156215650815151   0.158611670361336   0.113858211306956
   0.114502163743733   0.163116606577152   0.158945984335133   0.115824284712099   0.114322398945761   0.154449999336232
   0.115700043002234   0.164953291536274   0.113904420177091   0.153621530003161   0.113852450002624   0.116887517769414
   0.114030190649616   0.145657026538157   0.154171744302046   0.113899447614618   0.120801302546564   0.153135559051863
   0.114325013615402   0.169468506782755   0.154855208772959   0.113852426187907   0.152566333150839   0.118469575484089
   0.114969387863563   0.130890690408734   0.120624550023615   0.158564845545038   0.155475140025696   0.158644532539043
   0.114055217315744   0.115988290343966   0.158923678111529   0.174006378034668   0.113864715023964   0.152160863452498
   0.113928857551883   0.153321248201072   0.159853735824681   0.155779434465343   0.117198396975194   0.118068606726295
   0.113968309233564   0.121303265452439   0.114139680240379   0.113964463111299   0.113852426187908   0.154839963686135


corrida =

    21


Solutions =

   0.114786189668555   0.167318785300135   0.152580284286420   0.117467995973267   0.154475383476154   0.117868247527431
   0.117562962210074   0.158677476351903   0.157261514309757   0.114876441502384   0.117671214204473   0.115979413263923
   0.114105385754894   0.157893344252626   0.152316905589369   0.118090079167711   0.113852426187907   0.113876922567045
   0.114799874954523   0.189116016324737   0.157301399352854   0.114578471053473   0.156105965290658   0.156167058818349
   0.113881109941906   0.114284747790514   0.157289643794299   0.113873511612083   0.156758093864983   0.113880283343851
   0.164270736117726   0.117498155315069   0.113852834349314   0.115812358030511   0.114704521309717   0.113903958218256
   0.115477260397914   0.156335039861924   0.157434545506937   0.116874651140738   0.113856993630961   0.153954578293982
   0.115025648568193   0.120772670383785   0.113852426416557   0.113866323647646   0.154712921999790   0.158064978718730
   0.115888998825087   0.166849746868854   0.156638264667297   0.153039553467787   0.159328014031649   0.158172616644902
   0.155873422902677   0.153693508083183   0.179991083025125   0.153049351460766   0.113863292649528   0.156342182648415
   0.113854395628127   0.132186965798446   0.157312922497825   0.152135086919260   0.113871600701867   0.165595510220102
   0.115269552162803   0.117465332564015   0.123280641209881   0.156215650815151   0.158611670361336   0.113858211306956
   0.114502163743733   0.163116606577152   0.158945984335133   0.115824284712099   0.114322398945761   0.154449999336232
   0.115700043002234   0.164953291536274   0.113904420177091   0.153621530003161   0.113852450002624   0.116887517769414
   0.114030190649616   0.145657026538157   0.154171744302046   0.113899447614618   0.120801302546564   0.153135559051863
   0.114325013615402   0.169468506782755   0.154855208772959   0.113852426187907   0.152566333150839   0.118469575484089
   0.114969387863563   0.130890690408734   0.120624550023615   0.158564845545038   0.155475140025696   0.158644532539043
   0.114055217315744   0.115988290343966   0.158923678111529   0.174006378034668   0.113864715023964   0.152160863452498
   0.113928857551883   0.153321248201072   0.159853735824681   0.155779434465343   0.117198396975194   0.118068606726295
   0.113968309233564   0.121303265452439   0.114139680240379   0.113964463111299   0.113852426187908   0.154839963686135
   0.162894362759100   0.123504302386050   0.115378369203152   0.158236613098753   0.157251484345050   0.119026722165864


corrida =

    22


Solutions =

   0.114786189668555   0.167318785300135   0.152580284286420   0.117467995973267   0.154475383476154   0.117868247527431
   0.117562962210074   0.158677476351903   0.157261514309757   0.114876441502384   0.117671214204473   0.115979413263923
   0.114105385754894   0.157893344252626   0.152316905589369   0.118090079167711   0.113852426187907   0.113876922567045
   0.114799874954523   0.189116016324737   0.157301399352854   0.114578471053473   0.156105965290658   0.156167058818349
   0.113881109941906   0.114284747790514   0.157289643794299   0.113873511612083   0.156758093864983   0.113880283343851
   0.164270736117726   0.117498155315069   0.113852834349314   0.115812358030511   0.114704521309717   0.113903958218256
   0.115477260397914   0.156335039861924   0.157434545506937   0.116874651140738   0.113856993630961   0.153954578293982
   0.115025648568193   0.120772670383785   0.113852426416557   0.113866323647646   0.154712921999790   0.158064978718730
   0.115888998825087   0.166849746868854   0.156638264667297   0.153039553467787   0.159328014031649   0.158172616644902
   0.155873422902677   0.153693508083183   0.179991083025125   0.153049351460766   0.113863292649528   0.156342182648415
   0.113854395628127   0.132186965798446   0.157312922497825   0.152135086919260   0.113871600701867   0.165595510220102
   0.115269552162803   0.117465332564015   0.123280641209881   0.156215650815151   0.158611670361336   0.113858211306956
   0.114502163743733   0.163116606577152   0.158945984335133   0.115824284712099   0.114322398945761   0.154449999336232
   0.115700043002234   0.164953291536274   0.113904420177091   0.153621530003161   0.113852450002624   0.116887517769414
   0.114030190649616   0.145657026538157   0.154171744302046   0.113899447614618   0.120801302546564   0.153135559051863
   0.114325013615402   0.169468506782755   0.154855208772959   0.113852426187907   0.152566333150839   0.118469575484089
   0.114969387863563   0.130890690408734   0.120624550023615   0.158564845545038   0.155475140025696   0.158644532539043
   0.114055217315744   0.115988290343966   0.158923678111529   0.174006378034668   0.113864715023964   0.152160863452498
   0.113928857551883   0.153321248201072   0.159853735824681   0.155779434465343   0.117198396975194   0.118068606726295
   0.113968309233564   0.121303265452439   0.114139680240379   0.113964463111299   0.113852426187908   0.154839963686135
   0.162894362759100   0.123504302386050   0.115378369203152   0.158236613098753   0.157251484345050   0.119026722165864
   0.115495709273667   0.129443676375163   0.113866480216761   0.114006925339633   0.152021380100113   0.113852426188158


corrida =

    23


Solutions =

   0.114786189668555   0.167318785300135   0.152580284286420   0.117467995973267   0.154475383476154   0.117868247527431
   0.117562962210074   0.158677476351903   0.157261514309757   0.114876441502384   0.117671214204473   0.115979413263923
   0.114105385754894   0.157893344252626   0.152316905589369   0.118090079167711   0.113852426187907   0.113876922567045
   0.114799874954523   0.189116016324737   0.157301399352854   0.114578471053473   0.156105965290658   0.156167058818349
   0.113881109941906   0.114284747790514   0.157289643794299   0.113873511612083   0.156758093864983   0.113880283343851
   0.164270736117726   0.117498155315069   0.113852834349314   0.115812358030511   0.114704521309717   0.113903958218256
   0.115477260397914   0.156335039861924   0.157434545506937   0.116874651140738   0.113856993630961   0.153954578293982
   0.115025648568193   0.120772670383785   0.113852426416557   0.113866323647646   0.154712921999790   0.158064978718730
   0.115888998825087   0.166849746868854   0.156638264667297   0.153039553467787   0.159328014031649   0.158172616644902
   0.155873422902677   0.153693508083183   0.179991083025125   0.153049351460766   0.113863292649528   0.156342182648415
   0.113854395628127   0.132186965798446   0.157312922497825   0.152135086919260   0.113871600701867   0.165595510220102
   0.115269552162803   0.117465332564015   0.123280641209881   0.156215650815151   0.158611670361336   0.113858211306956
   0.114502163743733   0.163116606577152   0.158945984335133   0.115824284712099   0.114322398945761   0.154449999336232
   0.115700043002234   0.164953291536274   0.113904420177091   0.153621530003161   0.113852450002624   0.116887517769414
   0.114030190649616   0.145657026538157   0.154171744302046   0.113899447614618   0.120801302546564   0.153135559051863
   0.114325013615402   0.169468506782755   0.154855208772959   0.113852426187907   0.152566333150839   0.118469575484089
   0.114969387863563   0.130890690408734   0.120624550023615   0.158564845545038   0.155475140025696   0.158644532539043
   0.114055217315744   0.115988290343966   0.158923678111529   0.174006378034668   0.113864715023964   0.152160863452498
   0.113928857551883   0.153321248201072   0.159853735824681   0.155779434465343   0.117198396975194   0.118068606726295
   0.113968309233564   0.121303265452439   0.114139680240379   0.113964463111299   0.113852426187908   0.154839963686135
   0.162894362759100   0.123504302386050   0.115378369203152   0.158236613098753   0.157251484345050   0.119026722165864
   0.115495709273667   0.129443676375163   0.113866480216761   0.114006925339633   0.152021380100113   0.113852426188158
   0.115904090998197   0.113852426188062   0.115219776351238   0.152124381871985   0.158571890564562   0.155180472743582


corrida =

    24


Solutions =

   0.114786189668555   0.167318785300135   0.152580284286420   0.117467995973267   0.154475383476154   0.117868247527431
   0.117562962210074   0.158677476351903   0.157261514309757   0.114876441502384   0.117671214204473   0.115979413263923
   0.114105385754894   0.157893344252626   0.152316905589369   0.118090079167711   0.113852426187907   0.113876922567045
   0.114799874954523   0.189116016324737   0.157301399352854   0.114578471053473   0.156105965290658   0.156167058818349
   0.113881109941906   0.114284747790514   0.157289643794299   0.113873511612083   0.156758093864983   0.113880283343851
   0.164270736117726   0.117498155315069   0.113852834349314   0.115812358030511   0.114704521309717   0.113903958218256
   0.115477260397914   0.156335039861924   0.157434545506937   0.116874651140738   0.113856993630961   0.153954578293982
   0.115025648568193   0.120772670383785   0.113852426416557   0.113866323647646   0.154712921999790   0.158064978718730
   0.115888998825087   0.166849746868854   0.156638264667297   0.153039553467787   0.159328014031649   0.158172616644902
   0.155873422902677   0.153693508083183   0.179991083025125   0.153049351460766   0.113863292649528   0.156342182648415
   0.113854395628127   0.132186965798446   0.157312922497825   0.152135086919260   0.113871600701867   0.165595510220102
   0.115269552162803   0.117465332564015   0.123280641209881   0.156215650815151   0.158611670361336   0.113858211306956
   0.114502163743733   0.163116606577152   0.158945984335133   0.115824284712099   0.114322398945761   0.154449999336232
   0.115700043002234   0.164953291536274   0.113904420177091   0.153621530003161   0.113852450002624   0.116887517769414
   0.114030190649616   0.145657026538157   0.154171744302046   0.113899447614618   0.120801302546564   0.153135559051863
   0.114325013615402   0.169468506782755   0.154855208772959   0.113852426187907   0.152566333150839   0.118469575484089
   0.114969387863563   0.130890690408734   0.120624550023615   0.158564845545038   0.155475140025696   0.158644532539043
   0.114055217315744   0.115988290343966   0.158923678111529   0.174006378034668   0.113864715023964   0.152160863452498
   0.113928857551883   0.153321248201072   0.159853735824681   0.155779434465343   0.117198396975194   0.118068606726295
   0.113968309233564   0.121303265452439   0.114139680240379   0.113964463111299   0.113852426187908   0.154839963686135
   0.162894362759100   0.123504302386050   0.115378369203152   0.158236613098753   0.157251484345050   0.119026722165864
   0.115495709273667   0.129443676375163   0.113866480216761   0.114006925339633   0.152021380100113   0.113852426188158
   0.115904090998197   0.113852426188062   0.115219776351238   0.152124381871985   0.158571890564562   0.155180472743582
   0.115443875413525   0.157722573913172   0.113884559536865   0.118079094603009   0.114573989957414   0.153796556524345


corrida =

    25


Solutions =

   0.114786189668555   0.167318785300135   0.152580284286420   0.117467995973267   0.154475383476154   0.117868247527431
   0.117562962210074   0.158677476351903   0.157261514309757   0.114876441502384   0.117671214204473   0.115979413263923
   0.114105385754894   0.157893344252626   0.152316905589369   0.118090079167711   0.113852426187907   0.113876922567045
   0.114799874954523   0.189116016324737   0.157301399352854   0.114578471053473   0.156105965290658   0.156167058818349
   0.113881109941906   0.114284747790514   0.157289643794299   0.113873511612083   0.156758093864983   0.113880283343851
   0.164270736117726   0.117498155315069   0.113852834349314   0.115812358030511   0.114704521309717   0.113903958218256
   0.115477260397914   0.156335039861924   0.157434545506937   0.116874651140738   0.113856993630961   0.153954578293982
   0.115025648568193   0.120772670383785   0.113852426416557   0.113866323647646   0.154712921999790   0.158064978718730
   0.115888998825087   0.166849746868854   0.156638264667297   0.153039553467787   0.159328014031649   0.158172616644902
   0.155873422902677   0.153693508083183   0.179991083025125   0.153049351460766   0.113863292649528   0.156342182648415
   0.113854395628127   0.132186965798446   0.157312922497825   0.152135086919260   0.113871600701867   0.165595510220102
   0.115269552162803   0.117465332564015   0.123280641209881   0.156215650815151   0.158611670361336   0.113858211306956
   0.114502163743733   0.163116606577152   0.158945984335133   0.115824284712099   0.114322398945761   0.154449999336232
   0.115700043002234   0.164953291536274   0.113904420177091   0.153621530003161   0.113852450002624   0.116887517769414
   0.114030190649616   0.145657026538157   0.154171744302046   0.113899447614618   0.120801302546564   0.153135559051863
   0.114325013615402   0.169468506782755   0.154855208772959   0.113852426187907   0.152566333150839   0.118469575484089
   0.114969387863563   0.130890690408734   0.120624550023615   0.158564845545038   0.155475140025696   0.158644532539043
   0.114055217315744   0.115988290343966   0.158923678111529   0.174006378034668   0.113864715023964   0.152160863452498
   0.113928857551883   0.153321248201072   0.159853735824681   0.155779434465343   0.117198396975194   0.118068606726295
   0.113968309233564   0.121303265452439   0.114139680240379   0.113964463111299   0.113852426187908   0.154839963686135
   0.162894362759100   0.123504302386050   0.115378369203152   0.158236613098753   0.157251484345050   0.119026722165864
   0.115495709273667   0.129443676375163   0.113866480216761   0.114006925339633   0.152021380100113   0.113852426188158
   0.115904090998197   0.113852426188062   0.115219776351238   0.152124381871985   0.158571890564562   0.155180472743582
   0.115443875413525   0.157722573913172   0.113884559536865   0.118079094603009   0.114573989957414   0.153796556524345
   0.114353547905258   0.170250512984733   0.233285314600439   0.116972850076816   0.152358208810641   0.117624892752882


corrida =

    26


Solutions =

   0.114786189668555   0.167318785300135   0.152580284286420   0.117467995973267   0.154475383476154   0.117868247527431
   0.117562962210074   0.158677476351903   0.157261514309757   0.114876441502384   0.117671214204473   0.115979413263923
   0.114105385754894   0.157893344252626   0.152316905589369   0.118090079167711   0.113852426187907   0.113876922567045
   0.114799874954523   0.189116016324737   0.157301399352854   0.114578471053473   0.156105965290658   0.156167058818349
   0.113881109941906   0.114284747790514   0.157289643794299   0.113873511612083   0.156758093864983   0.113880283343851
   0.164270736117726   0.117498155315069   0.113852834349314   0.115812358030511   0.114704521309717   0.113903958218256
   0.115477260397914   0.156335039861924   0.157434545506937   0.116874651140738   0.113856993630961   0.153954578293982
   0.115025648568193   0.120772670383785   0.113852426416557   0.113866323647646   0.154712921999790   0.158064978718730
   0.115888998825087   0.166849746868854   0.156638264667297   0.153039553467787   0.159328014031649   0.158172616644902
   0.155873422902677   0.153693508083183   0.179991083025125   0.153049351460766   0.113863292649528   0.156342182648415
   0.113854395628127   0.132186965798446   0.157312922497825   0.152135086919260   0.113871600701867   0.165595510220102
   0.115269552162803   0.117465332564015   0.123280641209881   0.156215650815151   0.158611670361336   0.113858211306956
   0.114502163743733   0.163116606577152   0.158945984335133   0.115824284712099   0.114322398945761   0.154449999336232
   0.115700043002234   0.164953291536274   0.113904420177091   0.153621530003161   0.113852450002624   0.116887517769414
   0.114030190649616   0.145657026538157   0.154171744302046   0.113899447614618   0.120801302546564   0.153135559051863
   0.114325013615402   0.169468506782755   0.154855208772959   0.113852426187907   0.152566333150839   0.118469575484089
   0.114969387863563   0.130890690408734   0.120624550023615   0.158564845545038   0.155475140025696   0.158644532539043
   0.114055217315744   0.115988290343966   0.158923678111529   0.174006378034668   0.113864715023964   0.152160863452498
   0.113928857551883   0.153321248201072   0.159853735824681   0.155779434465343   0.117198396975194   0.118068606726295
   0.113968309233564   0.121303265452439   0.114139680240379   0.113964463111299   0.113852426187908   0.154839963686135
   0.162894362759100   0.123504302386050   0.115378369203152   0.158236613098753   0.157251484345050   0.119026722165864
   0.115495709273667   0.129443676375163   0.113866480216761   0.114006925339633   0.152021380100113   0.113852426188158
   0.115904090998197   0.113852426188062   0.115219776351238   0.152124381871985   0.158571890564562   0.155180472743582
   0.115443875413525   0.157722573913172   0.113884559536865   0.118079094603009   0.114573989957414   0.153796556524345
   0.114353547905258   0.170250512984733   0.233285314600439   0.116972850076816   0.152358208810641   0.117624892752882
   0.160285962337072   0.151868804697878   0.118404686774802   0.154893802572863   0.117756763222290   0.114171031900707


corrida =

    27


Solutions =

   0.114786189668555   0.167318785300135   0.152580284286420   0.117467995973267   0.154475383476154   0.117868247527431
   0.117562962210074   0.158677476351903   0.157261514309757   0.114876441502384   0.117671214204473   0.115979413263923
   0.114105385754894   0.157893344252626   0.152316905589369   0.118090079167711   0.113852426187907   0.113876922567045
   0.114799874954523   0.189116016324737   0.157301399352854   0.114578471053473   0.156105965290658   0.156167058818349
   0.113881109941906   0.114284747790514   0.157289643794299   0.113873511612083   0.156758093864983   0.113880283343851
   0.164270736117726   0.117498155315069   0.113852834349314   0.115812358030511   0.114704521309717   0.113903958218256
   0.115477260397914   0.156335039861924   0.157434545506937   0.116874651140738   0.113856993630961   0.153954578293982
   0.115025648568193   0.120772670383785   0.113852426416557   0.113866323647646   0.154712921999790   0.158064978718730
   0.115888998825087   0.166849746868854   0.156638264667297   0.153039553467787   0.159328014031649   0.158172616644902
   0.155873422902677   0.153693508083183   0.179991083025125   0.153049351460766   0.113863292649528   0.156342182648415
   0.113854395628127   0.132186965798446   0.157312922497825   0.152135086919260   0.113871600701867   0.165595510220102
   0.115269552162803   0.117465332564015   0.123280641209881   0.156215650815151   0.158611670361336   0.113858211306956
   0.114502163743733   0.163116606577152   0.158945984335133   0.115824284712099   0.114322398945761   0.154449999336232
   0.115700043002234   0.164953291536274   0.113904420177091   0.153621530003161   0.113852450002624   0.116887517769414
   0.114030190649616   0.145657026538157   0.154171744302046   0.113899447614618   0.120801302546564   0.153135559051863
   0.114325013615402   0.169468506782755   0.154855208772959   0.113852426187907   0.152566333150839   0.118469575484089
   0.114969387863563   0.130890690408734   0.120624550023615   0.158564845545038   0.155475140025696   0.158644532539043
   0.114055217315744   0.115988290343966   0.158923678111529   0.174006378034668   0.113864715023964   0.152160863452498
   0.113928857551883   0.153321248201072   0.159853735824681   0.155779434465343   0.117198396975194   0.118068606726295
   0.113968309233564   0.121303265452439   0.114139680240379   0.113964463111299   0.113852426187908   0.154839963686135
   0.162894362759100   0.123504302386050   0.115378369203152   0.158236613098753   0.157251484345050   0.119026722165864
   0.115495709273667   0.129443676375163   0.113866480216761   0.114006925339633   0.152021380100113   0.113852426188158
   0.115904090998197   0.113852426188062   0.115219776351238   0.152124381871985   0.158571890564562   0.155180472743582
   0.115443875413525   0.157722573913172   0.113884559536865   0.118079094603009   0.114573989957414   0.153796556524345
   0.114353547905258   0.170250512984733   0.233285314600439   0.116972850076816   0.152358208810641   0.117624892752882
   0.160285962337072   0.151868804697878   0.118404686774802   0.154893802572863   0.117756763222290   0.114171031900707
   0.114230348369777   0.155139552158645   0.155398086657869   0.155660000771370   0.155927916633095   0.156980525436434


corrida =

    28


Solutions =

   0.114786189668555   0.167318785300135   0.152580284286420   0.117467995973267   0.154475383476154   0.117868247527431
   0.117562962210074   0.158677476351903   0.157261514309757   0.114876441502384   0.117671214204473   0.115979413263923
   0.114105385754894   0.157893344252626   0.152316905589369   0.118090079167711   0.113852426187907   0.113876922567045
   0.114799874954523   0.189116016324737   0.157301399352854   0.114578471053473   0.156105965290658   0.156167058818349
   0.113881109941906   0.114284747790514   0.157289643794299   0.113873511612083   0.156758093864983   0.113880283343851
   0.164270736117726   0.117498155315069   0.113852834349314   0.115812358030511   0.114704521309717   0.113903958218256
   0.115477260397914   0.156335039861924   0.157434545506937   0.116874651140738   0.113856993630961   0.153954578293982
   0.115025648568193   0.120772670383785   0.113852426416557   0.113866323647646   0.154712921999790   0.158064978718730
   0.115888998825087   0.166849746868854   0.156638264667297   0.153039553467787   0.159328014031649   0.158172616644902
   0.155873422902677   0.153693508083183   0.179991083025125   0.153049351460766   0.113863292649528   0.156342182648415
   0.113854395628127   0.132186965798446   0.157312922497825   0.152135086919260   0.113871600701867   0.165595510220102
   0.115269552162803   0.117465332564015   0.123280641209881   0.156215650815151   0.158611670361336   0.113858211306956
   0.114502163743733   0.163116606577152   0.158945984335133   0.115824284712099   0.114322398945761   0.154449999336232
   0.115700043002234   0.164953291536274   0.113904420177091   0.153621530003161   0.113852450002624   0.116887517769414
   0.114030190649616   0.145657026538157   0.154171744302046   0.113899447614618   0.120801302546564   0.153135559051863
   0.114325013615402   0.169468506782755   0.154855208772959   0.113852426187907   0.152566333150839   0.118469575484089
   0.114969387863563   0.130890690408734   0.120624550023615   0.158564845545038   0.155475140025696   0.158644532539043
   0.114055217315744   0.115988290343966   0.158923678111529   0.174006378034668   0.113864715023964   0.152160863452498
   0.113928857551883   0.153321248201072   0.159853735824681   0.155779434465343   0.117198396975194   0.118068606726295
   0.113968309233564   0.121303265452439   0.114139680240379   0.113964463111299   0.113852426187908   0.154839963686135
   0.162894362759100   0.123504302386050   0.115378369203152   0.158236613098753   0.157251484345050   0.119026722165864
   0.115495709273667   0.129443676375163   0.113866480216761   0.114006925339633   0.152021380100113   0.113852426188158
   0.115904090998197   0.113852426188062   0.115219776351238   0.152124381871985   0.158571890564562   0.155180472743582
   0.115443875413525   0.157722573913172   0.113884559536865   0.118079094603009   0.114573989957414   0.153796556524345
   0.114353547905258   0.170250512984733   0.233285314600439   0.116972850076816   0.152358208810641   0.117624892752882
   0.160285962337072   0.151868804697878   0.118404686774802   0.154893802572863   0.117756763222290   0.114171031900707
   0.114230348369777   0.155139552158645   0.155398086657869   0.155660000771370   0.155927916633095   0.156980525436434
   0.114209780685154   0.161549760449472   0.154116538157850   0.117592285851474   0.114571063840703   0.152718690406141


corrida =

    29


Solutions =

   0.114786189668555   0.167318785300135   0.152580284286420   0.117467995973267   0.154475383476154   0.117868247527431
   0.117562962210074   0.158677476351903   0.157261514309757   0.114876441502384   0.117671214204473   0.115979413263923
   0.114105385754894   0.157893344252626   0.152316905589369   0.118090079167711   0.113852426187907   0.113876922567045
   0.114799874954523   0.189116016324737   0.157301399352854   0.114578471053473   0.156105965290658   0.156167058818349
   0.113881109941906   0.114284747790514   0.157289643794299   0.113873511612083   0.156758093864983   0.113880283343851
   0.164270736117726   0.117498155315069   0.113852834349314   0.115812358030511   0.114704521309717   0.113903958218256
   0.115477260397914   0.156335039861924   0.157434545506937   0.116874651140738   0.113856993630961   0.153954578293982
   0.115025648568193   0.120772670383785   0.113852426416557   0.113866323647646   0.154712921999790   0.158064978718730
   0.115888998825087   0.166849746868854   0.156638264667297   0.153039553467787   0.159328014031649   0.158172616644902
   0.155873422902677   0.153693508083183   0.179991083025125   0.153049351460766   0.113863292649528   0.156342182648415
   0.113854395628127   0.132186965798446   0.157312922497825   0.152135086919260   0.113871600701867   0.165595510220102
   0.115269552162803   0.117465332564015   0.123280641209881   0.156215650815151   0.158611670361336   0.113858211306956
   0.114502163743733   0.163116606577152   0.158945984335133   0.115824284712099   0.114322398945761   0.154449999336232
   0.115700043002234   0.164953291536274   0.113904420177091   0.153621530003161   0.113852450002624   0.116887517769414
   0.114030190649616   0.145657026538157   0.154171744302046   0.113899447614618   0.120801302546564   0.153135559051863
   0.114325013615402   0.169468506782755   0.154855208772959   0.113852426187907   0.152566333150839   0.118469575484089
   0.114969387863563   0.130890690408734   0.120624550023615   0.158564845545038   0.155475140025696   0.158644532539043
   0.114055217315744   0.115988290343966   0.158923678111529   0.174006378034668   0.113864715023964   0.152160863452498
   0.113928857551883   0.153321248201072   0.159853735824681   0.155779434465343   0.117198396975194   0.118068606726295
   0.113968309233564   0.121303265452439   0.114139680240379   0.113964463111299   0.113852426187908   0.154839963686135
   0.162894362759100   0.123504302386050   0.115378369203152   0.158236613098753   0.157251484345050   0.119026722165864
   0.115495709273667   0.129443676375163   0.113866480216761   0.114006925339633   0.152021380100113   0.113852426188158
   0.115904090998197   0.113852426188062   0.115219776351238   0.152124381871985   0.158571890564562   0.155180472743582
   0.115443875413525   0.157722573913172   0.113884559536865   0.118079094603009   0.114573989957414   0.153796556524345
   0.114353547905258   0.170250512984733   0.233285314600439   0.116972850076816   0.152358208810641   0.117624892752882
   0.160285962337072   0.151868804697878   0.118404686774802   0.154893802572863   0.117756763222290   0.114171031900707
   0.114230348369777   0.155139552158645   0.155398086657869   0.155660000771370   0.155927916633095   0.156980525436434
   0.114209780685154   0.161549760449472   0.154116538157850   0.117592285851474   0.114571063840703   0.152718690406141
   0.114875459054027   0.167421988748998   0.113852426190793   0.114681912912400   0.153180516612362   0.152945044940454


corrida =

    30


Solutions =

   0.114786189668555   0.167318785300135   0.152580284286420   0.117467995973267   0.154475383476154   0.117868247527431
   0.117562962210074   0.158677476351903   0.157261514309757   0.114876441502384   0.117671214204473   0.115979413263923
   0.114105385754894   0.157893344252626   0.152316905589369   0.118090079167711   0.113852426187907   0.113876922567045
   0.114799874954523   0.189116016324737   0.157301399352854   0.114578471053473   0.156105965290658   0.156167058818349
   0.113881109941906   0.114284747790514   0.157289643794299   0.113873511612083   0.156758093864983   0.113880283343851
   0.164270736117726   0.117498155315069   0.113852834349314   0.115812358030511   0.114704521309717   0.113903958218256
   0.115477260397914   0.156335039861924   0.157434545506937   0.116874651140738   0.113856993630961   0.153954578293982
   0.115025648568193   0.120772670383785   0.113852426416557   0.113866323647646   0.154712921999790   0.158064978718730
   0.115888998825087   0.166849746868854   0.156638264667297   0.153039553467787   0.159328014031649   0.158172616644902
   0.155873422902677   0.153693508083183   0.179991083025125   0.153049351460766   0.113863292649528   0.156342182648415
   0.113854395628127   0.132186965798446   0.157312922497825   0.152135086919260   0.113871600701867   0.165595510220102
   0.115269552162803   0.117465332564015   0.123280641209881   0.156215650815151   0.158611670361336   0.113858211306956
   0.114502163743733   0.163116606577152   0.158945984335133   0.115824284712099   0.114322398945761   0.154449999336232
   0.115700043002234   0.164953291536274   0.113904420177091   0.153621530003161   0.113852450002624   0.116887517769414
   0.114030190649616   0.145657026538157   0.154171744302046   0.113899447614618   0.120801302546564   0.153135559051863
   0.114325013615402   0.169468506782755   0.154855208772959   0.113852426187907   0.152566333150839   0.118469575484089
   0.114969387863563   0.130890690408734   0.120624550023615   0.158564845545038   0.155475140025696   0.158644532539043
   0.114055217315744   0.115988290343966   0.158923678111529   0.174006378034668   0.113864715023964   0.152160863452498
   0.113928857551883   0.153321248201072   0.159853735824681   0.155779434465343   0.117198396975194   0.118068606726295
   0.113968309233564   0.121303265452439   0.114139680240379   0.113964463111299   0.113852426187908   0.154839963686135
   0.162894362759100   0.123504302386050   0.115378369203152   0.158236613098753   0.157251484345050   0.119026722165864
   0.115495709273667   0.129443676375163   0.113866480216761   0.114006925339633   0.152021380100113   0.113852426188158
   0.115904090998197   0.113852426188062   0.115219776351238   0.152124381871985   0.158571890564562   0.155180472743582
   0.115443875413525   0.157722573913172   0.113884559536865   0.118079094603009   0.114573989957414   0.153796556524345
   0.114353547905258   0.170250512984733   0.233285314600439   0.116972850076816   0.152358208810641   0.117624892752882
   0.160285962337072   0.151868804697878   0.118404686774802   0.154893802572863   0.117756763222290   0.114171031900707
   0.114230348369777   0.155139552158645   0.155398086657869   0.155660000771370   0.155927916633095   0.156980525436434
   0.114209780685154   0.161549760449472   0.154116538157850   0.117592285851474   0.114571063840703   0.152718690406141
   0.114875459054027   0.167421988748998   0.113852426190793   0.114681912912400   0.153180516612362   0.152945044940454
   0.114504604058087   0.157075266262416   0.158651119473207   0.115436035828616   0.157558200284360   0.158135442162617


corrida =

    31


Solutions =

   0.114786189668555   0.167318785300135   0.152580284286420   0.117467995973267   0.154475383476154   0.117868247527431
   0.117562962210074   0.158677476351903   0.157261514309757   0.114876441502384   0.117671214204473   0.115979413263923
   0.114105385754894   0.157893344252626   0.152316905589369   0.118090079167711   0.113852426187907   0.113876922567045
   0.114799874954523   0.189116016324737   0.157301399352854   0.114578471053473   0.156105965290658   0.156167058818349
   0.113881109941906   0.114284747790514   0.157289643794299   0.113873511612083   0.156758093864983   0.113880283343851
   0.164270736117726   0.117498155315069   0.113852834349314   0.115812358030511   0.114704521309717   0.113903958218256
   0.115477260397914   0.156335039861924   0.157434545506937   0.116874651140738   0.113856993630961   0.153954578293982
   0.115025648568193   0.120772670383785   0.113852426416557   0.113866323647646   0.154712921999790   0.158064978718730
   0.115888998825087   0.166849746868854   0.156638264667297   0.153039553467787   0.159328014031649   0.158172616644902
   0.155873422902677   0.153693508083183   0.179991083025125   0.153049351460766   0.113863292649528   0.156342182648415
   0.113854395628127   0.132186965798446   0.157312922497825   0.152135086919260   0.113871600701867   0.165595510220102
   0.115269552162803   0.117465332564015   0.123280641209881   0.156215650815151   0.158611670361336   0.113858211306956
   0.114502163743733   0.163116606577152   0.158945984335133   0.115824284712099   0.114322398945761   0.154449999336232
   0.115700043002234   0.164953291536274   0.113904420177091   0.153621530003161   0.113852450002624   0.116887517769414
   0.114030190649616   0.145657026538157   0.154171744302046   0.113899447614618   0.120801302546564   0.153135559051863
   0.114325013615402   0.169468506782755   0.154855208772959   0.113852426187907   0.152566333150839   0.118469575484089
   0.114969387863563   0.130890690408734   0.120624550023615   0.158564845545038   0.155475140025696   0.158644532539043
   0.114055217315744   0.115988290343966   0.158923678111529   0.174006378034668   0.113864715023964   0.152160863452498
   0.113928857551883   0.153321248201072   0.159853735824681   0.155779434465343   0.117198396975194   0.118068606726295
   0.113968309233564   0.121303265452439   0.114139680240379   0.113964463111299   0.113852426187908   0.154839963686135
   0.162894362759100   0.123504302386050   0.115378369203152   0.158236613098753   0.157251484345050   0.119026722165864
   0.115495709273667   0.129443676375163   0.113866480216761   0.114006925339633   0.152021380100113   0.113852426188158
   0.115904090998197   0.113852426188062   0.115219776351238   0.152124381871985   0.158571890564562   0.155180472743582
   0.115443875413525   0.157722573913172   0.113884559536865   0.118079094603009   0.114573989957414   0.153796556524345
   0.114353547905258   0.170250512984733   0.233285314600439   0.116972850076816   0.152358208810641   0.117624892752882
   0.160285962337072   0.151868804697878   0.118404686774802   0.154893802572863   0.117756763222290   0.114171031900707
   0.114230348369777   0.155139552158645   0.155398086657869   0.155660000771370   0.155927916633095   0.156980525436434
   0.114209780685154   0.161549760449472   0.154116538157850   0.117592285851474   0.114571063840703   0.152718690406141
   0.114875459054027   0.167421988748998   0.113852426190793   0.114681912912400   0.153180516612362   0.152945044940454
   0.114504604058087   0.157075266262416   0.158651119473207   0.115436035828616   0.157558200284360   0.158135442162617
   0.118144530284674   0.175073243318514   0.159744975619326   0.113924260308232   0.156029889737767   0.161093481092901

ALGORTIMO 1

mejor =

   0.113854395628127


peor =

   0.164270736117726


mediana =

   0.114875459054027


promedio =

   0.120858612620863


desviacion =

   0.015714431461463

ALGORTIMO 2

mejor =

   0.113852426188062


peor =

   0.189116016324737


mediana =

   0.155139552158645


promedio =

   0.147732026523188


desviacion =

   0.021528563151131

ALGORTIMO 3

mejor =

   0.113852426190793


peor =

   0.233285314600439


mediana =

   0.154171744302046


promedio =

   0.144075283857270


desviacion =

   0.026887131970271

ALGORTIMO 4

mejor =

   0.113852426187907


peor =

   0.174006378034668


mediana =

   0.117467995973267


promedio =

   0.131322595087099


desviacion =

   0.020647229275051

ALGORTIMO 5

mejor =

   0.113852426187907


peor =

   0.159328014031649


mediana =

   0.152021380100113


promedio =

   0.136114405312127


desviacion =

   0.020660410870554

ALGORTIMO 6

mejor =

   0.113852426188158


peor =

   0.165595510220102


mediana =

   0.152945044940454


promedio =

   0.139349866642955


desviacion =

   0.020410047069156

******* Friedman Test results ********

p =

     3.937751988015332e-04


tbl = 

    'Source'     'SS'                       'df'     'MS'                    'Chi-sq'                'Prob>Chi-sq'          
    'Columns'    [   79.274193548387117]    [  5]    [15.854838709677423]    [22.649769585253463]    [3.937751988015332e-04]
    'Error'      [4.632258064516129e+02]    [150]    [ 3.088172043010752]                      []                         []
    'Total'      [5.425000000000000e+02]    [185]                      []                      []                         []


stats = 

       source: 'friedman'
            n: 31
    meanranks: [2.516129032258065 4.548387096774194 3.870967741935484 3.032258064516129 3.258064516129033 3.774193548387097]
        sigma: 1.870828693386971

******* Bonferrony Test results ******
Note: Intervals can be used for testing but are not simultaneous confidence intervals.

results =

   1.000000000000000   2.000000000000000  -3.427038327638274  -2.032258064516129  -0.637477801393985
   1.000000000000000   3.000000000000000  -2.749618972799564  -1.354838709677420   0.039941553444725
   1.000000000000000   4.000000000000000  -1.910909295380209  -0.516129032258065   0.878651230864080
   1.000000000000000   5.000000000000000  -2.136715746993113  -0.741935483870968   0.652844779251177
   1.000000000000000   6.000000000000000  -2.652844779251177  -1.258064516129033   0.136715746993112
   2.000000000000000   3.000000000000000  -0.717360908283435   0.677419354838710   2.072199617960855
   2.000000000000000   4.000000000000000   0.121348769135920   1.516129032258065   2.910909295380210
   2.000000000000000   5.000000000000000  -0.104457682476983   1.290322580645162   2.685102843767306
   2.000000000000000   6.000000000000000  -0.620586714735048   0.774193548387097   2.168973811509242
   3.000000000000000   4.000000000000000  -0.556070585702790   0.838709677419355   2.233489940541500
   3.000000000000000   5.000000000000000  -0.781877037315693   0.612903225806452   2.007683488928596
   3.000000000000000   6.000000000000000  -1.298006069573758   0.096774193548387   1.491554456670532
   4.000000000000000   5.000000000000000  -1.620586714735048  -0.225806451612903   1.168973811509241
   4.000000000000000   6.000000000000000  -2.136715746993113  -0.741935483870968   0.652844779251177
   5.000000000000000   6.000000000000000  -1.910909295380209  -0.516129032258065   0.878651230864080


means =

   2.516129032258065   0.336010752516124
   4.548387096774194   0.336010752516124
   3.870967741935484   0.336010752516124
   3.032258064516129   0.336010752516124
   3.258064516129033   0.336010752516124
   3.774193548387097   0.336010752516124


h =

     2

>> %-- 7/25/2018 12:51 PM --%