>> C_D_Experimentos
Warning: Directory already exists. 
> In C_D_Experimentos at 31 
Warning: Directory already exists. 
> In C_D_Experimentos at 35 
Warning: Directory already exists. 
> In C_D_Experimentos at 39 

Problema =

     3


Evaluaciones =

      350000


N =

    19


Cantidad_Simplex =

     7


Poblacion =

   140


corrida =

     1


Solutions =

   0.275431736769801  13.508079621454932   0.296006423266109   0.275075712788656   0.338934475461315   0.685196420144597


corrida =

     2


Solutions =

   0.275431736769801  13.508079621454932   0.296006423266109   0.275075712788656   0.338934475461315   0.685196420144597
   0.275333648993745   0.480136161790770  13.508079621454995   0.364093730643679   0.851043091441489  13.508079621454950


corrida =

     3


Solutions =

   0.275431736769801  13.508079621454932   0.296006423266109   0.275075712788656   0.338934475461315   0.685196420144597
   0.275333648993745   0.480136161790770  13.508079621454995   0.364093730643679   0.851043091441489  13.508079621454950
   0.480509483229248   0.283611100610713   0.964358418563528  13.508079621454979   0.338934477845196   0.299251426127330


corrida =

     4


Solutions =

   0.275431736769801  13.508079621454932   0.296006423266109   0.275075712788656   0.338934475461315   0.685196420144597
   0.275333648993745   0.480136161790770  13.508079621454995   0.364093730643679   0.851043091441489  13.508079621454950
   0.480509483229248   0.283611100610713   0.964358418563528  13.508079621454979   0.338934477845196   0.299251426127330
   0.274968746424157   0.312302710857537   0.307606052035494  13.508079621454838  13.508079621454979   0.870009833579097


corrida =

     5


Solutions =

   0.275431736769801  13.508079621454932   0.296006423266109   0.275075712788656   0.338934475461315   0.685196420144597
   0.275333648993745   0.480136161790770  13.508079621454995   0.364093730643679   0.851043091441489  13.508079621454950
   0.480509483229248   0.283611100610713   0.964358418563528  13.508079621454979   0.338934477845196   0.299251426127330
   0.274968746424157   0.312302710857537   0.307606052035494  13.508079621454838  13.508079621454979   0.870009833579097
   0.508605470620316  13.508079621454936   0.338934475461325  13.508079621454963   0.285045092351594  13.508079621454925


corrida =

     6


Solutions =

   0.275431736769801  13.508079621454932   0.296006423266109   0.275075712788656   0.338934475461315   0.685196420144597
   0.275333648993745   0.480136161790770  13.508079621454995   0.364093730643679   0.851043091441489  13.508079621454950
   0.480509483229248   0.283611100610713   0.964358418563528  13.508079621454979   0.338934477845196   0.299251426127330
   0.274968746424157   0.312302710857537   0.307606052035494  13.508079621454838  13.508079621454979   0.870009833579097
   0.508605470620316  13.508079621454936   0.338934475461325  13.508079621454963   0.285045092351594  13.508079621454925
   0.288757483720297   0.736752424070966   0.514445604694681  13.508079621454945   0.338934475461314   0.274968744979545


corrida =

     7


Solutions =

   0.275431736769801  13.508079621454932   0.296006423266109   0.275075712788656   0.338934475461315   0.685196420144597
   0.275333648993745   0.480136161790770  13.508079621454995   0.364093730643679   0.851043091441489  13.508079621454950
   0.480509483229248   0.283611100610713   0.964358418563528  13.508079621454979   0.338934477845196   0.299251426127330
   0.274968746424157   0.312302710857537   0.307606052035494  13.508079621454838  13.508079621454979   0.870009833579097
   0.508605470620316  13.508079621454936   0.338934475461325  13.508079621454963   0.285045092351594  13.508079621454925
   0.288757483720297   0.736752424070966   0.514445604694681  13.508079621454945   0.338934475461314   0.274968744979545
   0.480789468230825   0.274968744962495  13.508079621454879   1.629970460856415  13.508079621454893   0.902708333959111


corrida =

     8


Solutions =

   0.275431736769801  13.508079621454932   0.296006423266109   0.275075712788656   0.338934475461315   0.685196420144597
   0.275333648993745   0.480136161790770  13.508079621454995   0.364093730643679   0.851043091441489  13.508079621454950
   0.480509483229248   0.283611100610713   0.964358418563528  13.508079621454979   0.338934477845196   0.299251426127330
   0.274968746424157   0.312302710857537   0.307606052035494  13.508079621454838  13.508079621454979   0.870009833579097
   0.508605470620316  13.508079621454936   0.338934475461325  13.508079621454963   0.285045092351594  13.508079621454925
   0.288757483720297   0.736752424070966   0.514445604694681  13.508079621454945   0.338934475461314   0.274968744979545
   0.480789468230825   0.274968744962495  13.508079621454879   1.629970460856415  13.508079621454893   0.902708333959111
   0.444486654184681   0.274968744962495  13.508079621454982   1.903837192150482  13.508079621454918   0.468043016762574


corrida =

     9


Solutions =

   0.275431736769801  13.508079621454932   0.296006423266109   0.275075712788656   0.338934475461315   0.685196420144597
   0.275333648993745   0.480136161790770  13.508079621454995   0.364093730643679   0.851043091441489  13.508079621454950
   0.480509483229248   0.283611100610713   0.964358418563528  13.508079621454979   0.338934477845196   0.299251426127330
   0.274968746424157   0.312302710857537   0.307606052035494  13.508079621454838  13.508079621454979   0.870009833579097
   0.508605470620316  13.508079621454936   0.338934475461325  13.508079621454963   0.285045092351594  13.508079621454925
   0.288757483720297   0.736752424070966   0.514445604694681  13.508079621454945   0.338934475461314   0.274968744979545
   0.480789468230825   0.274968744962495  13.508079621454879   1.629970460856415  13.508079621454893   0.902708333959111
   0.444486654184681   0.274968744962495  13.508079621454982   1.903837192150482  13.508079621454918   0.468043016762574
   0.274968821089853  13.508079621454934  13.460737156255915   0.338934475461341   0.855739994414765   0.275005265582567


corrida =

    10


Solutions =

   0.275431736769801  13.508079621454932   0.296006423266109   0.275075712788656   0.338934475461315   0.685196420144597
   0.275333648993745   0.480136161790770  13.508079621454995   0.364093730643679   0.851043091441489  13.508079621454950
   0.480509483229248   0.283611100610713   0.964358418563528  13.508079621454979   0.338934477845196   0.299251426127330
   0.274968746424157   0.312302710857537   0.307606052035494  13.508079621454838  13.508079621454979   0.870009833579097
   0.508605470620316  13.508079621454936   0.338934475461325  13.508079621454963   0.285045092351594  13.508079621454925
   0.288757483720297   0.736752424070966   0.514445604694681  13.508079621454945   0.338934475461314   0.274968744979545
   0.480789468230825   0.274968744962495  13.508079621454879   1.629970460856415  13.508079621454893   0.902708333959111
   0.444486654184681   0.274968744962495  13.508079621454982   1.903837192150482  13.508079621454918   0.468043016762574
   0.274968821089853  13.508079621454934  13.460737156255915   0.338934475461341   0.855739994414765   0.275005265582567
   0.275066768927772   0.481126557745738  13.508079621454891   0.338934521758104  13.508079621454963   0.301867583888739


corrida =

    11


Solutions =

   0.275431736769801  13.508079621454932   0.296006423266109   0.275075712788656   0.338934475461315   0.685196420144597
   0.275333648993745   0.480136161790770  13.508079621454995   0.364093730643679   0.851043091441489  13.508079621454950
   0.480509483229248   0.283611100610713   0.964358418563528  13.508079621454979   0.338934477845196   0.299251426127330
   0.274968746424157   0.312302710857537   0.307606052035494  13.508079621454838  13.508079621454979   0.870009833579097
   0.508605470620316  13.508079621454936   0.338934475461325  13.508079621454963   0.285045092351594  13.508079621454925
   0.288757483720297   0.736752424070966   0.514445604694681  13.508079621454945   0.338934475461314   0.274968744979545
   0.480789468230825   0.274968744962495  13.508079621454879   1.629970460856415  13.508079621454893   0.902708333959111
   0.444486654184681   0.274968744962495  13.508079621454982   1.903837192150482  13.508079621454918   0.468043016762574
   0.274968821089853  13.508079621454934  13.460737156255915   0.338934475461341   0.855739994414765   0.275005265582567
   0.275066768927772   0.481126557745738  13.508079621454891   0.338934521758104  13.508079621454963   0.301867583888739
   0.274969018565443   0.319727024618754  13.508079621454858   0.413263632886704   1.559598768839940   0.275454324211696


corrida =

    12


Solutions =

   0.275431736769801  13.508079621454932   0.296006423266109   0.275075712788656   0.338934475461315   0.685196420144597
   0.275333648993745   0.480136161790770  13.508079621454995   0.364093730643679   0.851043091441489  13.508079621454950
   0.480509483229248   0.283611100610713   0.964358418563528  13.508079621454979   0.338934477845196   0.299251426127330
   0.274968746424157   0.312302710857537   0.307606052035494  13.508079621454838  13.508079621454979   0.870009833579097
   0.508605470620316  13.508079621454936   0.338934475461325  13.508079621454963   0.285045092351594  13.508079621454925
   0.288757483720297   0.736752424070966   0.514445604694681  13.508079621454945   0.338934475461314   0.274968744979545
   0.480789468230825   0.274968744962495  13.508079621454879   1.629970460856415  13.508079621454893   0.902708333959111
   0.444486654184681   0.274968744962495  13.508079621454982   1.903837192150482  13.508079621454918   0.468043016762574
   0.274968821089853  13.508079621454934  13.460737156255915   0.338934475461341   0.855739994414765   0.275005265582567
   0.275066768927772   0.481126557745738  13.508079621454891   0.338934521758104  13.508079621454963   0.301867583888739
   0.274969018565443   0.319727024618754  13.508079621454858   0.413263632886704   1.559598768839940   0.275454324211696
   0.839494401484674   0.458256854278724   0.300383909917185   0.479982841456057  13.508079621454804  13.508079621454931


corrida =

    13


Solutions =

   0.275431736769801  13.508079621454932   0.296006423266109   0.275075712788656   0.338934475461315   0.685196420144597
   0.275333648993745   0.480136161790770  13.508079621454995   0.364093730643679   0.851043091441489  13.508079621454950
   0.480509483229248   0.283611100610713   0.964358418563528  13.508079621454979   0.338934477845196   0.299251426127330
   0.274968746424157   0.312302710857537   0.307606052035494  13.508079621454838  13.508079621454979   0.870009833579097
   0.508605470620316  13.508079621454936   0.338934475461325  13.508079621454963   0.285045092351594  13.508079621454925
   0.288757483720297   0.736752424070966   0.514445604694681  13.508079621454945   0.338934475461314   0.274968744979545
   0.480789468230825   0.274968744962495  13.508079621454879   1.629970460856415  13.508079621454893   0.902708333959111
   0.444486654184681   0.274968744962495  13.508079621454982   1.903837192150482  13.508079621454918   0.468043016762574
   0.274968821089853  13.508079621454934  13.460737156255915   0.338934475461341   0.855739994414765   0.275005265582567
   0.275066768927772   0.481126557745738  13.508079621454891   0.338934521758104  13.508079621454963   0.301867583888739
   0.274969018565443   0.319727024618754  13.508079621454858   0.413263632886704   1.559598768839940   0.275454324211696
   0.839494401484674   0.458256854278724   0.300383909917185   0.479982841456057  13.508079621454804  13.508079621454931
   0.275904920562205  13.508079621454881   0.310656356659359   0.274968744962495   0.849070637196838  13.508079621454982


corrida =

    14


Solutions =

   0.275431736769801  13.508079621454932   0.296006423266109   0.275075712788656   0.338934475461315   0.685196420144597
   0.275333648993745   0.480136161790770  13.508079621454995   0.364093730643679   0.851043091441489  13.508079621454950
   0.480509483229248   0.283611100610713   0.964358418563528  13.508079621454979   0.338934477845196   0.299251426127330
   0.274968746424157   0.312302710857537   0.307606052035494  13.508079621454838  13.508079621454979   0.870009833579097
   0.508605470620316  13.508079621454936   0.338934475461325  13.508079621454963   0.285045092351594  13.508079621454925
   0.288757483720297   0.736752424070966   0.514445604694681  13.508079621454945   0.338934475461314   0.274968744979545
   0.480789468230825   0.274968744962495  13.508079621454879   1.629970460856415  13.508079621454893   0.902708333959111
   0.444486654184681   0.274968744962495  13.508079621454982   1.903837192150482  13.508079621454918   0.468043016762574
   0.274968821089853  13.508079621454934  13.460737156255915   0.338934475461341   0.855739994414765   0.275005265582567
   0.275066768927772   0.481126557745738  13.508079621454891   0.338934521758104  13.508079621454963   0.301867583888739
   0.274969018565443   0.319727024618754  13.508079621454858   0.413263632886704   1.559598768839940   0.275454324211696
   0.839494401484674   0.458256854278724   0.300383909917185   0.479982841456057  13.508079621454804  13.508079621454931
   0.275904920562205  13.508079621454881   0.310656356659359   0.274968744962495   0.849070637196838  13.508079621454982
   0.287849994107325   0.275282430344438  13.508079621454948  13.508079621454996   0.299317358862179   0.889763336950779


corrida =

    15


Solutions =

   0.275431736769801  13.508079621454932   0.296006423266109   0.275075712788656   0.338934475461315   0.685196420144597
   0.275333648993745   0.480136161790770  13.508079621454995   0.364093730643679   0.851043091441489  13.508079621454950
   0.480509483229248   0.283611100610713   0.964358418563528  13.508079621454979   0.338934477845196   0.299251426127330
   0.274968746424157   0.312302710857537   0.307606052035494  13.508079621454838  13.508079621454979   0.870009833579097
   0.508605470620316  13.508079621454936   0.338934475461325  13.508079621454963   0.285045092351594  13.508079621454925
   0.288757483720297   0.736752424070966   0.514445604694681  13.508079621454945   0.338934475461314   0.274968744979545
   0.480789468230825   0.274968744962495  13.508079621454879   1.629970460856415  13.508079621454893   0.902708333959111
   0.444486654184681   0.274968744962495  13.508079621454982   1.903837192150482  13.508079621454918   0.468043016762574
   0.274968821089853  13.508079621454934  13.460737156255915   0.338934475461341   0.855739994414765   0.275005265582567
   0.275066768927772   0.481126557745738  13.508079621454891   0.338934521758104  13.508079621454963   0.301867583888739
   0.274969018565443   0.319727024618754  13.508079621454858   0.413263632886704   1.559598768839940   0.275454324211696
   0.839494401484674   0.458256854278724   0.300383909917185   0.479982841456057  13.508079621454804  13.508079621454931
   0.275904920562205  13.508079621454881   0.310656356659359   0.274968744962495   0.849070637196838  13.508079621454982
   0.287849994107325   0.275282430344438  13.508079621454948  13.508079621454996   0.299317358862179   0.889763336950779
   0.481065496187314   1.877701298524594   0.863885348924125   0.910855791214160  13.508079621454915  13.508079621454996


corrida =

    16


Solutions =

   0.275431736769801  13.508079621454932   0.296006423266109   0.275075712788656   0.338934475461315   0.685196420144597
   0.275333648993745   0.480136161790770  13.508079621454995   0.364093730643679   0.851043091441489  13.508079621454950
   0.480509483229248   0.283611100610713   0.964358418563528  13.508079621454979   0.338934477845196   0.299251426127330
   0.274968746424157   0.312302710857537   0.307606052035494  13.508079621454838  13.508079621454979   0.870009833579097
   0.508605470620316  13.508079621454936   0.338934475461325  13.508079621454963   0.285045092351594  13.508079621454925
   0.288757483720297   0.736752424070966   0.514445604694681  13.508079621454945   0.338934475461314   0.274968744979545
   0.480789468230825   0.274968744962495  13.508079621454879   1.629970460856415  13.508079621454893   0.902708333959111
   0.444486654184681   0.274968744962495  13.508079621454982   1.903837192150482  13.508079621454918   0.468043016762574
   0.274968821089853  13.508079621454934  13.460737156255915   0.338934475461341   0.855739994414765   0.275005265582567
   0.275066768927772   0.481126557745738  13.508079621454891   0.338934521758104  13.508079621454963   0.301867583888739
   0.274969018565443   0.319727024618754  13.508079621454858   0.413263632886704   1.559598768839940   0.275454324211696
   0.839494401484674   0.458256854278724   0.300383909917185   0.479982841456057  13.508079621454804  13.508079621454931
   0.275904920562205  13.508079621454881   0.310656356659359   0.274968744962495   0.849070637196838  13.508079621454982
   0.287849994107325   0.275282430344438  13.508079621454948  13.508079621454996   0.299317358862179   0.889763336950779
   0.481065496187314   1.877701298524594   0.863885348924125   0.910855791214160  13.508079621454915  13.508079621454996
   0.275009072132153  13.508079621454888  13.508079621454730   2.049061092406823   0.540409202873210  13.508079621454996


corrida =

    17


Solutions =

   0.275431736769801  13.508079621454932   0.296006423266109   0.275075712788656   0.338934475461315   0.685196420144597
   0.275333648993745   0.480136161790770  13.508079621454995   0.364093730643679   0.851043091441489  13.508079621454950
   0.480509483229248   0.283611100610713   0.964358418563528  13.508079621454979   0.338934477845196   0.299251426127330
   0.274968746424157   0.312302710857537   0.307606052035494  13.508079621454838  13.508079621454979   0.870009833579097
   0.508605470620316  13.508079621454936   0.338934475461325  13.508079621454963   0.285045092351594  13.508079621454925
   0.288757483720297   0.736752424070966   0.514445604694681  13.508079621454945   0.338934475461314   0.274968744979545
   0.480789468230825   0.274968744962495  13.508079621454879   1.629970460856415  13.508079621454893   0.902708333959111
   0.444486654184681   0.274968744962495  13.508079621454982   1.903837192150482  13.508079621454918   0.468043016762574
   0.274968821089853  13.508079621454934  13.460737156255915   0.338934475461341   0.855739994414765   0.275005265582567
   0.275066768927772   0.481126557745738  13.508079621454891   0.338934521758104  13.508079621454963   0.301867583888739
   0.274969018565443   0.319727024618754  13.508079621454858   0.413263632886704   1.559598768839940   0.275454324211696
   0.839494401484674   0.458256854278724   0.300383909917185   0.479982841456057  13.508079621454804  13.508079621454931
   0.275904920562205  13.508079621454881   0.310656356659359   0.274968744962495   0.849070637196838  13.508079621454982
   0.287849994107325   0.275282430344438  13.508079621454948  13.508079621454996   0.299317358862179   0.889763336950779
   0.481065496187314   1.877701298524594   0.863885348924125   0.910855791214160  13.508079621454915  13.508079621454996
   0.275009072132153  13.508079621454888  13.508079621454730   2.049061092406823   0.540409202873210  13.508079621454996
   0.482776854139580   0.318394502094940   0.275907170741659  13.508079621454938   0.338934475461315  13.508079621454796


corrida =

    18


Solutions =

   0.275431736769801  13.508079621454932   0.296006423266109   0.275075712788656   0.338934475461315   0.685196420144597
   0.275333648993745   0.480136161790770  13.508079621454995   0.364093730643679   0.851043091441489  13.508079621454950
   0.480509483229248   0.283611100610713   0.964358418563528  13.508079621454979   0.338934477845196   0.299251426127330
   0.274968746424157   0.312302710857537   0.307606052035494  13.508079621454838  13.508079621454979   0.870009833579097
   0.508605470620316  13.508079621454936   0.338934475461325  13.508079621454963   0.285045092351594  13.508079621454925
   0.288757483720297   0.736752424070966   0.514445604694681  13.508079621454945   0.338934475461314   0.274968744979545
   0.480789468230825   0.274968744962495  13.508079621454879   1.629970460856415  13.508079621454893   0.902708333959111
   0.444486654184681   0.274968744962495  13.508079621454982   1.903837192150482  13.508079621454918   0.468043016762574
   0.274968821089853  13.508079621454934  13.460737156255915   0.338934475461341   0.855739994414765   0.275005265582567
   0.275066768927772   0.481126557745738  13.508079621454891   0.338934521758104  13.508079621454963   0.301867583888739
   0.274969018565443   0.319727024618754  13.508079621454858   0.413263632886704   1.559598768839940   0.275454324211696
   0.839494401484674   0.458256854278724   0.300383909917185   0.479982841456057  13.508079621454804  13.508079621454931
   0.275904920562205  13.508079621454881   0.310656356659359   0.274968744962495   0.849070637196838  13.508079621454982
   0.287849994107325   0.275282430344438  13.508079621454948  13.508079621454996   0.299317358862179   0.889763336950779
   0.481065496187314   1.877701298524594   0.863885348924125   0.910855791214160  13.508079621454915  13.508079621454996
   0.275009072132153  13.508079621454888  13.508079621454730   2.049061092406823   0.540409202873210  13.508079621454996
   0.482776854139580   0.318394502094940   0.275907170741659  13.508079621454938   0.338934475461315  13.508079621454796
   0.438873241806345  13.508079621454861  13.508079621454741  13.508079621454911  13.508079621454891   0.434992310515214


corrida =

    19


Solutions =

   0.275431736769801  13.508079621454932   0.296006423266109   0.275075712788656   0.338934475461315   0.685196420144597
   0.275333648993745   0.480136161790770  13.508079621454995   0.364093730643679   0.851043091441489  13.508079621454950
   0.480509483229248   0.283611100610713   0.964358418563528  13.508079621454979   0.338934477845196   0.299251426127330
   0.274968746424157   0.312302710857537   0.307606052035494  13.508079621454838  13.508079621454979   0.870009833579097
   0.508605470620316  13.508079621454936   0.338934475461325  13.508079621454963   0.285045092351594  13.508079621454925
   0.288757483720297   0.736752424070966   0.514445604694681  13.508079621454945   0.338934475461314   0.274968744979545
   0.480789468230825   0.274968744962495  13.508079621454879   1.629970460856415  13.508079621454893   0.902708333959111
   0.444486654184681   0.274968744962495  13.508079621454982   1.903837192150482  13.508079621454918   0.468043016762574
   0.274968821089853  13.508079621454934  13.460737156255915   0.338934475461341   0.855739994414765   0.275005265582567
   0.275066768927772   0.481126557745738  13.508079621454891   0.338934521758104  13.508079621454963   0.301867583888739
   0.274969018565443   0.319727024618754  13.508079621454858   0.413263632886704   1.559598768839940   0.275454324211696
   0.839494401484674   0.458256854278724   0.300383909917185   0.479982841456057  13.508079621454804  13.508079621454931
   0.275904920562205  13.508079621454881   0.310656356659359   0.274968744962495   0.849070637196838  13.508079621454982
   0.287849994107325   0.275282430344438  13.508079621454948  13.508079621454996   0.299317358862179   0.889763336950779
   0.481065496187314   1.877701298524594   0.863885348924125   0.910855791214160  13.508079621454915  13.508079621454996
   0.275009072132153  13.508079621454888  13.508079621454730   2.049061092406823   0.540409202873210  13.508079621454996
   0.482776854139580   0.318394502094940   0.275907170741659  13.508079621454938   0.338934475461315  13.508079621454796
   0.438873241806345  13.508079621454861  13.508079621454741  13.508079621454911  13.508079621454891   0.434992310515214
   0.275537026035453  13.508079621454996  13.508079621454890   0.275972292607179   0.338934475461314   2.931268806101455


corrida =

    20


Solutions =

   0.275431736769801  13.508079621454932   0.296006423266109   0.275075712788656   0.338934475461315   0.685196420144597
   0.275333648993745   0.480136161790770  13.508079621454995   0.364093730643679   0.851043091441489  13.508079621454950
   0.480509483229248   0.283611100610713   0.964358418563528  13.508079621454979   0.338934477845196   0.299251426127330
   0.274968746424157   0.312302710857537   0.307606052035494  13.508079621454838  13.508079621454979   0.870009833579097
   0.508605470620316  13.508079621454936   0.338934475461325  13.508079621454963   0.285045092351594  13.508079621454925
   0.288757483720297   0.736752424070966   0.514445604694681  13.508079621454945   0.338934475461314   0.274968744979545
   0.480789468230825   0.274968744962495  13.508079621454879   1.629970460856415  13.508079621454893   0.902708333959111
   0.444486654184681   0.274968744962495  13.508079621454982   1.903837192150482  13.508079621454918   0.468043016762574
   0.274968821089853  13.508079621454934  13.460737156255915   0.338934475461341   0.855739994414765   0.275005265582567
   0.275066768927772   0.481126557745738  13.508079621454891   0.338934521758104  13.508079621454963   0.301867583888739
   0.274969018565443   0.319727024618754  13.508079621454858   0.413263632886704   1.559598768839940   0.275454324211696
   0.839494401484674   0.458256854278724   0.300383909917185   0.479982841456057  13.508079621454804  13.508079621454931
   0.275904920562205  13.508079621454881   0.310656356659359   0.274968744962495   0.849070637196838  13.508079621454982
   0.287849994107325   0.275282430344438  13.508079621454948  13.508079621454996   0.299317358862179   0.889763336950779
   0.481065496187314   1.877701298524594   0.863885348924125   0.910855791214160  13.508079621454915  13.508079621454996
   0.275009072132153  13.508079621454888  13.508079621454730   2.049061092406823   0.540409202873210  13.508079621454996
   0.482776854139580   0.318394502094940   0.275907170741659  13.508079621454938   0.338934475461315  13.508079621454796
   0.438873241806345  13.508079621454861  13.508079621454741  13.508079621454911  13.508079621454891   0.434992310515214
   0.275537026035453  13.508079621454996  13.508079621454890   0.275972292607179   0.338934475461314   2.931268806101455
   0.275006523466381   0.898904022632293  13.508079621454899   0.305198898193103   0.315045422515621  13.508079621454696


corrida =

    21


Solutions =

   0.275431736769801  13.508079621454932   0.296006423266109   0.275075712788656   0.338934475461315   0.685196420144597
   0.275333648993745   0.480136161790770  13.508079621454995   0.364093730643679   0.851043091441489  13.508079621454950
   0.480509483229248   0.283611100610713   0.964358418563528  13.508079621454979   0.338934477845196   0.299251426127330
   0.274968746424157   0.312302710857537   0.307606052035494  13.508079621454838  13.508079621454979   0.870009833579097
   0.508605470620316  13.508079621454936   0.338934475461325  13.508079621454963   0.285045092351594  13.508079621454925
   0.288757483720297   0.736752424070966   0.514445604694681  13.508079621454945   0.338934475461314   0.274968744979545
   0.480789468230825   0.274968744962495  13.508079621454879   1.629970460856415  13.508079621454893   0.902708333959111
   0.444486654184681   0.274968744962495  13.508079621454982   1.903837192150482  13.508079621454918   0.468043016762574
   0.274968821089853  13.508079621454934  13.460737156255915   0.338934475461341   0.855739994414765   0.275005265582567
   0.275066768927772   0.481126557745738  13.508079621454891   0.338934521758104  13.508079621454963   0.301867583888739
   0.274969018565443   0.319727024618754  13.508079621454858   0.413263632886704   1.559598768839940   0.275454324211696
   0.839494401484674   0.458256854278724   0.300383909917185   0.479982841456057  13.508079621454804  13.508079621454931
   0.275904920562205  13.508079621454881   0.310656356659359   0.274968744962495   0.849070637196838  13.508079621454982
   0.287849994107325   0.275282430344438  13.508079621454948  13.508079621454996   0.299317358862179   0.889763336950779
   0.481065496187314   1.877701298524594   0.863885348924125   0.910855791214160  13.508079621454915  13.508079621454996
   0.275009072132153  13.508079621454888  13.508079621454730   2.049061092406823   0.540409202873210  13.508079621454996
   0.482776854139580   0.318394502094940   0.275907170741659  13.508079621454938   0.338934475461315  13.508079621454796
   0.438873241806345  13.508079621454861  13.508079621454741  13.508079621454911  13.508079621454891   0.434992310515214
   0.275537026035453  13.508079621454996  13.508079621454890   0.275972292607179   0.338934475461314   2.931268806101455
   0.275006523466381   0.898904022632293  13.508079621454899   0.305198898193103   0.315045422515621  13.508079621454696
   0.483251946011473  13.499037988481861   0.314001198545209   3.075646921920857  13.508079621454996   0.447313903721707


corrida =

    22


Solutions =

   0.275431736769801  13.508079621454932   0.296006423266109   0.275075712788656   0.338934475461315   0.685196420144597
   0.275333648993745   0.480136161790770  13.508079621454995   0.364093730643679   0.851043091441489  13.508079621454950
   0.480509483229248   0.283611100610713   0.964358418563528  13.508079621454979   0.338934477845196   0.299251426127330
   0.274968746424157   0.312302710857537   0.307606052035494  13.508079621454838  13.508079621454979   0.870009833579097
   0.508605470620316  13.508079621454936   0.338934475461325  13.508079621454963   0.285045092351594  13.508079621454925
   0.288757483720297   0.736752424070966   0.514445604694681  13.508079621454945   0.338934475461314   0.274968744979545
   0.480789468230825   0.274968744962495  13.508079621454879   1.629970460856415  13.508079621454893   0.902708333959111
   0.444486654184681   0.274968744962495  13.508079621454982   1.903837192150482  13.508079621454918   0.468043016762574
   0.274968821089853  13.508079621454934  13.460737156255915   0.338934475461341   0.855739994414765   0.275005265582567
   0.275066768927772   0.481126557745738  13.508079621454891   0.338934521758104  13.508079621454963   0.301867583888739
   0.274969018565443   0.319727024618754  13.508079621454858   0.413263632886704   1.559598768839940   0.275454324211696
   0.839494401484674   0.458256854278724   0.300383909917185   0.479982841456057  13.508079621454804  13.508079621454931
   0.275904920562205  13.508079621454881   0.310656356659359   0.274968744962495   0.849070637196838  13.508079621454982
   0.287849994107325   0.275282430344438  13.508079621454948  13.508079621454996   0.299317358862179   0.889763336950779
   0.481065496187314   1.877701298524594   0.863885348924125   0.910855791214160  13.508079621454915  13.508079621454996
   0.275009072132153  13.508079621454888  13.508079621454730   2.049061092406823   0.540409202873210  13.508079621454996
   0.482776854139580   0.318394502094940   0.275907170741659  13.508079621454938   0.338934475461315  13.508079621454796
   0.438873241806345  13.508079621454861  13.508079621454741  13.508079621454911  13.508079621454891   0.434992310515214
   0.275537026035453  13.508079621454996  13.508079621454890   0.275972292607179   0.338934475461314   2.931268806101455
   0.275006523466381   0.898904022632293  13.508079621454899   0.305198898193103   0.315045422515621  13.508079621454696
   0.483251946011473  13.499037988481861   0.314001198545209   3.075646921920857  13.508079621454996   0.447313903721707
   0.488453079575766   0.634777478253992  13.508079621454899  13.508079621454829  13.508079621454977  13.508079621454895


corrida =

    23


Solutions =

   0.275431736769801  13.508079621454932   0.296006423266109   0.275075712788656   0.338934475461315   0.685196420144597
   0.275333648993745   0.480136161790770  13.508079621454995   0.364093730643679   0.851043091441489  13.508079621454950
   0.480509483229248   0.283611100610713   0.964358418563528  13.508079621454979   0.338934477845196   0.299251426127330
   0.274968746424157   0.312302710857537   0.307606052035494  13.508079621454838  13.508079621454979   0.870009833579097
   0.508605470620316  13.508079621454936   0.338934475461325  13.508079621454963   0.285045092351594  13.508079621454925
   0.288757483720297   0.736752424070966   0.514445604694681  13.508079621454945   0.338934475461314   0.274968744979545
   0.480789468230825   0.274968744962495  13.508079621454879   1.629970460856415  13.508079621454893   0.902708333959111
   0.444486654184681   0.274968744962495  13.508079621454982   1.903837192150482  13.508079621454918   0.468043016762574
   0.274968821089853  13.508079621454934  13.460737156255915   0.338934475461341   0.855739994414765   0.275005265582567
   0.275066768927772   0.481126557745738  13.508079621454891   0.338934521758104  13.508079621454963   0.301867583888739
   0.274969018565443   0.319727024618754  13.508079621454858   0.413263632886704   1.559598768839940   0.275454324211696
   0.839494401484674   0.458256854278724   0.300383909917185   0.479982841456057  13.508079621454804  13.508079621454931
   0.275904920562205  13.508079621454881   0.310656356659359   0.274968744962495   0.849070637196838  13.508079621454982
   0.287849994107325   0.275282430344438  13.508079621454948  13.508079621454996   0.299317358862179   0.889763336950779
   0.481065496187314   1.877701298524594   0.863885348924125   0.910855791214160  13.508079621454915  13.508079621454996
   0.275009072132153  13.508079621454888  13.508079621454730   2.049061092406823   0.540409202873210  13.508079621454996
   0.482776854139580   0.318394502094940   0.275907170741659  13.508079621454938   0.338934475461315  13.508079621454796
   0.438873241806345  13.508079621454861  13.508079621454741  13.508079621454911  13.508079621454891   0.434992310515214
   0.275537026035453  13.508079621454996  13.508079621454890   0.275972292607179   0.338934475461314   2.931268806101455
   0.275006523466381   0.898904022632293  13.508079621454899   0.305198898193103   0.315045422515621  13.508079621454696
   0.483251946011473  13.499037988481861   0.314001198545209   3.075646921920857  13.508079621454996   0.447313903721707
   0.488453079575766   0.634777478253992  13.508079621454899  13.508079621454829  13.508079621454977  13.508079621454895
   0.443174786448537   0.900793465938985  13.508079621454888  13.508079621454996   0.275599917748131   0.274969519256501


corrida =

    24


Solutions =

   0.275431736769801  13.508079621454932   0.296006423266109   0.275075712788656   0.338934475461315   0.685196420144597
   0.275333648993745   0.480136161790770  13.508079621454995   0.364093730643679   0.851043091441489  13.508079621454950
   0.480509483229248   0.283611100610713   0.964358418563528  13.508079621454979   0.338934477845196   0.299251426127330
   0.274968746424157   0.312302710857537   0.307606052035494  13.508079621454838  13.508079621454979   0.870009833579097
   0.508605470620316  13.508079621454936   0.338934475461325  13.508079621454963   0.285045092351594  13.508079621454925
   0.288757483720297   0.736752424070966   0.514445604694681  13.508079621454945   0.338934475461314   0.274968744979545
   0.480789468230825   0.274968744962495  13.508079621454879   1.629970460856415  13.508079621454893   0.902708333959111
   0.444486654184681   0.274968744962495  13.508079621454982   1.903837192150482  13.508079621454918   0.468043016762574
   0.274968821089853  13.508079621454934  13.460737156255915   0.338934475461341   0.855739994414765   0.275005265582567
   0.275066768927772   0.481126557745738  13.508079621454891   0.338934521758104  13.508079621454963   0.301867583888739
   0.274969018565443   0.319727024618754  13.508079621454858   0.413263632886704   1.559598768839940   0.275454324211696
   0.839494401484674   0.458256854278724   0.300383909917185   0.479982841456057  13.508079621454804  13.508079621454931
   0.275904920562205  13.508079621454881   0.310656356659359   0.274968744962495   0.849070637196838  13.508079621454982
   0.287849994107325   0.275282430344438  13.508079621454948  13.508079621454996   0.299317358862179   0.889763336950779
   0.481065496187314   1.877701298524594   0.863885348924125   0.910855791214160  13.508079621454915  13.508079621454996
   0.275009072132153  13.508079621454888  13.508079621454730   2.049061092406823   0.540409202873210  13.508079621454996
   0.482776854139580   0.318394502094940   0.275907170741659  13.508079621454938   0.338934475461315  13.508079621454796
   0.438873241806345  13.508079621454861  13.508079621454741  13.508079621454911  13.508079621454891   0.434992310515214
   0.275537026035453  13.508079621454996  13.508079621454890   0.275972292607179   0.338934475461314   2.931268806101455
   0.275006523466381   0.898904022632293  13.508079621454899   0.305198898193103   0.315045422515621  13.508079621454696
   0.483251946011473  13.499037988481861   0.314001198545209   3.075646921920857  13.508079621454996   0.447313903721707
   0.488453079575766   0.634777478253992  13.508079621454899  13.508079621454829  13.508079621454977  13.508079621454895
   0.443174786448537   0.900793465938985  13.508079621454888  13.508079621454996   0.275599917748131   0.274969519256501
  12.109447598152311   0.275856762586411   0.309447829020136   1.422234306545170   0.275049627755083   0.275032774717916


corrida =

    25


Solutions =

   0.275431736769801  13.508079621454932   0.296006423266109   0.275075712788656   0.338934475461315   0.685196420144597
   0.275333648993745   0.480136161790770  13.508079621454995   0.364093730643679   0.851043091441489  13.508079621454950
   0.480509483229248   0.283611100610713   0.964358418563528  13.508079621454979   0.338934477845196   0.299251426127330
   0.274968746424157   0.312302710857537   0.307606052035494  13.508079621454838  13.508079621454979   0.870009833579097
   0.508605470620316  13.508079621454936   0.338934475461325  13.508079621454963   0.285045092351594  13.508079621454925
   0.288757483720297   0.736752424070966   0.514445604694681  13.508079621454945   0.338934475461314   0.274968744979545
   0.480789468230825   0.274968744962495  13.508079621454879   1.629970460856415  13.508079621454893   0.902708333959111
   0.444486654184681   0.274968744962495  13.508079621454982   1.903837192150482  13.508079621454918   0.468043016762574
   0.274968821089853  13.508079621454934  13.460737156255915   0.338934475461341   0.855739994414765   0.275005265582567
   0.275066768927772   0.481126557745738  13.508079621454891   0.338934521758104  13.508079621454963   0.301867583888739
   0.274969018565443   0.319727024618754  13.508079621454858   0.413263632886704   1.559598768839940   0.275454324211696
   0.839494401484674   0.458256854278724   0.300383909917185   0.479982841456057  13.508079621454804  13.508079621454931
   0.275904920562205  13.508079621454881   0.310656356659359   0.274968744962495   0.849070637196838  13.508079621454982
   0.287849994107325   0.275282430344438  13.508079621454948  13.508079621454996   0.299317358862179   0.889763336950779
   0.481065496187314   1.877701298524594   0.863885348924125   0.910855791214160  13.508079621454915  13.508079621454996
   0.275009072132153  13.508079621454888  13.508079621454730   2.049061092406823   0.540409202873210  13.508079621454996
   0.482776854139580   0.318394502094940   0.275907170741659  13.508079621454938   0.338934475461315  13.508079621454796
   0.438873241806345  13.508079621454861  13.508079621454741  13.508079621454911  13.508079621454891   0.434992310515214
   0.275537026035453  13.508079621454996  13.508079621454890   0.275972292607179   0.338934475461314   2.931268806101455
   0.275006523466381   0.898904022632293  13.508079621454899   0.305198898193103   0.315045422515621  13.508079621454696
   0.483251946011473  13.499037988481861   0.314001198545209   3.075646921920857  13.508079621454996   0.447313903721707
   0.488453079575766   0.634777478253992  13.508079621454899  13.508079621454829  13.508079621454977  13.508079621454895
   0.443174786448537   0.900793465938985  13.508079621454888  13.508079621454996   0.275599917748131   0.274969519256501
  12.109447598152311   0.275856762586411   0.309447829020136   1.422234306545170   0.275049627755083   0.275032774717916
  13.508079621455058   0.275076855904986   0.308357033115846   1.643322102206001   0.275594451271759   1.913912952919724


corrida =

    26


Solutions =

   0.275431736769801  13.508079621454932   0.296006423266109   0.275075712788656   0.338934475461315   0.685196420144597
   0.275333648993745   0.480136161790770  13.508079621454995   0.364093730643679   0.851043091441489  13.508079621454950
   0.480509483229248   0.283611100610713   0.964358418563528  13.508079621454979   0.338934477845196   0.299251426127330
   0.274968746424157   0.312302710857537   0.307606052035494  13.508079621454838  13.508079621454979   0.870009833579097
   0.508605470620316  13.508079621454936   0.338934475461325  13.508079621454963   0.285045092351594  13.508079621454925
   0.288757483720297   0.736752424070966   0.514445604694681  13.508079621454945   0.338934475461314   0.274968744979545
   0.480789468230825   0.274968744962495  13.508079621454879   1.629970460856415  13.508079621454893   0.902708333959111
   0.444486654184681   0.274968744962495  13.508079621454982   1.903837192150482  13.508079621454918   0.468043016762574
   0.274968821089853  13.508079621454934  13.460737156255915   0.338934475461341   0.855739994414765   0.275005265582567
   0.275066768927772   0.481126557745738  13.508079621454891   0.338934521758104  13.508079621454963   0.301867583888739
   0.274969018565443   0.319727024618754  13.508079621454858   0.413263632886704   1.559598768839940   0.275454324211696
   0.839494401484674   0.458256854278724   0.300383909917185   0.479982841456057  13.508079621454804  13.508079621454931
   0.275904920562205  13.508079621454881   0.310656356659359   0.274968744962495   0.849070637196838  13.508079621454982
   0.287849994107325   0.275282430344438  13.508079621454948  13.508079621454996   0.299317358862179   0.889763336950779
   0.481065496187314   1.877701298524594   0.863885348924125   0.910855791214160  13.508079621454915  13.508079621454996
   0.275009072132153  13.508079621454888  13.508079621454730   2.049061092406823   0.540409202873210  13.508079621454996
   0.482776854139580   0.318394502094940   0.275907170741659  13.508079621454938   0.338934475461315  13.508079621454796
   0.438873241806345  13.508079621454861  13.508079621454741  13.508079621454911  13.508079621454891   0.434992310515214
   0.275537026035453  13.508079621454996  13.508079621454890   0.275972292607179   0.338934475461314   2.931268806101455
   0.275006523466381   0.898904022632293  13.508079621454899   0.305198898193103   0.315045422515621  13.508079621454696
   0.483251946011473  13.499037988481861   0.314001198545209   3.075646921920857  13.508079621454996   0.447313903721707
   0.488453079575766   0.634777478253992  13.508079621454899  13.508079621454829  13.508079621454977  13.508079621454895
   0.443174786448537   0.900793465938985  13.508079621454888  13.508079621454996   0.275599917748131   0.274969519256501
  12.109447598152311   0.275856762586411   0.309447829020136   1.422234306545170   0.275049627755083   0.275032774717916
  13.508079621455058   0.275076855904986   0.308357033115846   1.643322102206001   0.275594451271759   1.913912952919724
   0.275307202179397   0.891564960708386   0.561645108141524   0.315777957928876  13.508079621454828  13.508079621454941


corrida =

    27


Solutions =

   0.275431736769801  13.508079621454932   0.296006423266109   0.275075712788656   0.338934475461315   0.685196420144597
   0.275333648993745   0.480136161790770  13.508079621454995   0.364093730643679   0.851043091441489  13.508079621454950
   0.480509483229248   0.283611100610713   0.964358418563528  13.508079621454979   0.338934477845196   0.299251426127330
   0.274968746424157   0.312302710857537   0.307606052035494  13.508079621454838  13.508079621454979   0.870009833579097
   0.508605470620316  13.508079621454936   0.338934475461325  13.508079621454963   0.285045092351594  13.508079621454925
   0.288757483720297   0.736752424070966   0.514445604694681  13.508079621454945   0.338934475461314   0.274968744979545
   0.480789468230825   0.274968744962495  13.508079621454879   1.629970460856415  13.508079621454893   0.902708333959111
   0.444486654184681   0.274968744962495  13.508079621454982   1.903837192150482  13.508079621454918   0.468043016762574
   0.274968821089853  13.508079621454934  13.460737156255915   0.338934475461341   0.855739994414765   0.275005265582567
   0.275066768927772   0.481126557745738  13.508079621454891   0.338934521758104  13.508079621454963   0.301867583888739
   0.274969018565443   0.319727024618754  13.508079621454858   0.413263632886704   1.559598768839940   0.275454324211696
   0.839494401484674   0.458256854278724   0.300383909917185   0.479982841456057  13.508079621454804  13.508079621454931
   0.275904920562205  13.508079621454881   0.310656356659359   0.274968744962495   0.849070637196838  13.508079621454982
   0.287849994107325   0.275282430344438  13.508079621454948  13.508079621454996   0.299317358862179   0.889763336950779
   0.481065496187314   1.877701298524594   0.863885348924125   0.910855791214160  13.508079621454915  13.508079621454996
   0.275009072132153  13.508079621454888  13.508079621454730   2.049061092406823   0.540409202873210  13.508079621454996
   0.482776854139580   0.318394502094940   0.275907170741659  13.508079621454938   0.338934475461315  13.508079621454796
   0.438873241806345  13.508079621454861  13.508079621454741  13.508079621454911  13.508079621454891   0.434992310515214
   0.275537026035453  13.508079621454996  13.508079621454890   0.275972292607179   0.338934475461314   2.931268806101455
   0.275006523466381   0.898904022632293  13.508079621454899   0.305198898193103   0.315045422515621  13.508079621454696
   0.483251946011473  13.499037988481861   0.314001198545209   3.075646921920857  13.508079621454996   0.447313903721707
   0.488453079575766   0.634777478253992  13.508079621454899  13.508079621454829  13.508079621454977  13.508079621454895
   0.443174786448537   0.900793465938985  13.508079621454888  13.508079621454996   0.275599917748131   0.274969519256501
  12.109447598152311   0.275856762586411   0.309447829020136   1.422234306545170   0.275049627755083   0.275032774717916
  13.508079621455058   0.275076855904986   0.308357033115846   1.643322102206001   0.275594451271759   1.913912952919724
   0.275307202179397   0.891564960708386   0.561645108141524   0.315777957928876  13.508079621454828  13.508079621454941
   0.874802763442831   0.476600037157575  13.508079621454915  13.508079621454868   0.281369617217776  13.508079621454868


corrida =

    28


Solutions =

   0.275431736769801  13.508079621454932   0.296006423266109   0.275075712788656   0.338934475461315   0.685196420144597
   0.275333648993745   0.480136161790770  13.508079621454995   0.364093730643679   0.851043091441489  13.508079621454950
   0.480509483229248   0.283611100610713   0.964358418563528  13.508079621454979   0.338934477845196   0.299251426127330
   0.274968746424157   0.312302710857537   0.307606052035494  13.508079621454838  13.508079621454979   0.870009833579097
   0.508605470620316  13.508079621454936   0.338934475461325  13.508079621454963   0.285045092351594  13.508079621454925
   0.288757483720297   0.736752424070966   0.514445604694681  13.508079621454945   0.338934475461314   0.274968744979545
   0.480789468230825   0.274968744962495  13.508079621454879   1.629970460856415  13.508079621454893   0.902708333959111
   0.444486654184681   0.274968744962495  13.508079621454982   1.903837192150482  13.508079621454918   0.468043016762574
   0.274968821089853  13.508079621454934  13.460737156255915   0.338934475461341   0.855739994414765   0.275005265582567
   0.275066768927772   0.481126557745738  13.508079621454891   0.338934521758104  13.508079621454963   0.301867583888739
   0.274969018565443   0.319727024618754  13.508079621454858   0.413263632886704   1.559598768839940   0.275454324211696
   0.839494401484674   0.458256854278724   0.300383909917185   0.479982841456057  13.508079621454804  13.508079621454931
   0.275904920562205  13.508079621454881   0.310656356659359   0.274968744962495   0.849070637196838  13.508079621454982
   0.287849994107325   0.275282430344438  13.508079621454948  13.508079621454996   0.299317358862179   0.889763336950779
   0.481065496187314   1.877701298524594   0.863885348924125   0.910855791214160  13.508079621454915  13.508079621454996
   0.275009072132153  13.508079621454888  13.508079621454730   2.049061092406823   0.540409202873210  13.508079621454996
   0.482776854139580   0.318394502094940   0.275907170741659  13.508079621454938   0.338934475461315  13.508079621454796
   0.438873241806345  13.508079621454861  13.508079621454741  13.508079621454911  13.508079621454891   0.434992310515214
   0.275537026035453  13.508079621454996  13.508079621454890   0.275972292607179   0.338934475461314   2.931268806101455
   0.275006523466381   0.898904022632293  13.508079621454899   0.305198898193103   0.315045422515621  13.508079621454696
   0.483251946011473  13.499037988481861   0.314001198545209   3.075646921920857  13.508079621454996   0.447313903721707
   0.488453079575766   0.634777478253992  13.508079621454899  13.508079621454829  13.508079621454977  13.508079621454895
   0.443174786448537   0.900793465938985  13.508079621454888  13.508079621454996   0.275599917748131   0.274969519256501
  12.109447598152311   0.275856762586411   0.309447829020136   1.422234306545170   0.275049627755083   0.275032774717916
  13.508079621455058   0.275076855904986   0.308357033115846   1.643322102206001   0.275594451271759   1.913912952919724
   0.275307202179397   0.891564960708386   0.561645108141524   0.315777957928876  13.508079621454828  13.508079621454941
   0.874802763442831   0.476600037157575  13.508079621454915  13.508079621454868   0.281369617217776  13.508079621454868
   0.275528745553229   0.275358328605287  13.508079621454996   0.438651244305637   0.274968745815755   0.432905566081406


corrida =

    29


Solutions =

   0.275431736769801  13.508079621454932   0.296006423266109   0.275075712788656   0.338934475461315   0.685196420144597
   0.275333648993745   0.480136161790770  13.508079621454995   0.364093730643679   0.851043091441489  13.508079621454950
   0.480509483229248   0.283611100610713   0.964358418563528  13.508079621454979   0.338934477845196   0.299251426127330
   0.274968746424157   0.312302710857537   0.307606052035494  13.508079621454838  13.508079621454979   0.870009833579097
   0.508605470620316  13.508079621454936   0.338934475461325  13.508079621454963   0.285045092351594  13.508079621454925
   0.288757483720297   0.736752424070966   0.514445604694681  13.508079621454945   0.338934475461314   0.274968744979545
   0.480789468230825   0.274968744962495  13.508079621454879   1.629970460856415  13.508079621454893   0.902708333959111
   0.444486654184681   0.274968744962495  13.508079621454982   1.903837192150482  13.508079621454918   0.468043016762574
   0.274968821089853  13.508079621454934  13.460737156255915   0.338934475461341   0.855739994414765   0.275005265582567
   0.275066768927772   0.481126557745738  13.508079621454891   0.338934521758104  13.508079621454963   0.301867583888739
   0.274969018565443   0.319727024618754  13.508079621454858   0.413263632886704   1.559598768839940   0.275454324211696
   0.839494401484674   0.458256854278724   0.300383909917185   0.479982841456057  13.508079621454804  13.508079621454931
   0.275904920562205  13.508079621454881   0.310656356659359   0.274968744962495   0.849070637196838  13.508079621454982
   0.287849994107325   0.275282430344438  13.508079621454948  13.508079621454996   0.299317358862179   0.889763336950779
   0.481065496187314   1.877701298524594   0.863885348924125   0.910855791214160  13.508079621454915  13.508079621454996
   0.275009072132153  13.508079621454888  13.508079621454730   2.049061092406823   0.540409202873210  13.508079621454996
   0.482776854139580   0.318394502094940   0.275907170741659  13.508079621454938   0.338934475461315  13.508079621454796
   0.438873241806345  13.508079621454861  13.508079621454741  13.508079621454911  13.508079621454891   0.434992310515214
   0.275537026035453  13.508079621454996  13.508079621454890   0.275972292607179   0.338934475461314   2.931268806101455
   0.275006523466381   0.898904022632293  13.508079621454899   0.305198898193103   0.315045422515621  13.508079621454696
   0.483251946011473  13.499037988481861   0.314001198545209   3.075646921920857  13.508079621454996   0.447313903721707
   0.488453079575766   0.634777478253992  13.508079621454899  13.508079621454829  13.508079621454977  13.508079621454895
   0.443174786448537   0.900793465938985  13.508079621454888  13.508079621454996   0.275599917748131   0.274969519256501
  12.109447598152311   0.275856762586411   0.309447829020136   1.422234306545170   0.275049627755083   0.275032774717916
  13.508079621455058   0.275076855904986   0.308357033115846   1.643322102206001   0.275594451271759   1.913912952919724
   0.275307202179397   0.891564960708386   0.561645108141524   0.315777957928876  13.508079621454828  13.508079621454941
   0.874802763442831   0.476600037157575  13.508079621454915  13.508079621454868   0.281369617217776  13.508079621454868
   0.275528745553229   0.275358328605287  13.508079621454996   0.438651244305637   0.274968745815755   0.432905566081406
   0.481478291910796  13.508079621454986  13.508079621454769   1.002131773984604   0.957620638432616   0.825449192189027


corrida =

    30


Solutions =

   0.275431736769801  13.508079621454932   0.296006423266109   0.275075712788656   0.338934475461315   0.685196420144597
   0.275333648993745   0.480136161790770  13.508079621454995   0.364093730643679   0.851043091441489  13.508079621454950
   0.480509483229248   0.283611100610713   0.964358418563528  13.508079621454979   0.338934477845196   0.299251426127330
   0.274968746424157   0.312302710857537   0.307606052035494  13.508079621454838  13.508079621454979   0.870009833579097
   0.508605470620316  13.508079621454936   0.338934475461325  13.508079621454963   0.285045092351594  13.508079621454925
   0.288757483720297   0.736752424070966   0.514445604694681  13.508079621454945   0.338934475461314   0.274968744979545
   0.480789468230825   0.274968744962495  13.508079621454879   1.629970460856415  13.508079621454893   0.902708333959111
   0.444486654184681   0.274968744962495  13.508079621454982   1.903837192150482  13.508079621454918   0.468043016762574
   0.274968821089853  13.508079621454934  13.460737156255915   0.338934475461341   0.855739994414765   0.275005265582567
   0.275066768927772   0.481126557745738  13.508079621454891   0.338934521758104  13.508079621454963   0.301867583888739
   0.274969018565443   0.319727024618754  13.508079621454858   0.413263632886704   1.559598768839940   0.275454324211696
   0.839494401484674   0.458256854278724   0.300383909917185   0.479982841456057  13.508079621454804  13.508079621454931
   0.275904920562205  13.508079621454881   0.310656356659359   0.274968744962495   0.849070637196838  13.508079621454982
   0.287849994107325   0.275282430344438  13.508079621454948  13.508079621454996   0.299317358862179   0.889763336950779
   0.481065496187314   1.877701298524594   0.863885348924125   0.910855791214160  13.508079621454915  13.508079621454996
   0.275009072132153  13.508079621454888  13.508079621454730   2.049061092406823   0.540409202873210  13.508079621454996
   0.482776854139580   0.318394502094940   0.275907170741659  13.508079621454938   0.338934475461315  13.508079621454796
   0.438873241806345  13.508079621454861  13.508079621454741  13.508079621454911  13.508079621454891   0.434992310515214
   0.275537026035453  13.508079621454996  13.508079621454890   0.275972292607179   0.338934475461314   2.931268806101455
   0.275006523466381   0.898904022632293  13.508079621454899   0.305198898193103   0.315045422515621  13.508079621454696
   0.483251946011473  13.499037988481861   0.314001198545209   3.075646921920857  13.508079621454996   0.447313903721707
   0.488453079575766   0.634777478253992  13.508079621454899  13.508079621454829  13.508079621454977  13.508079621454895
   0.443174786448537   0.900793465938985  13.508079621454888  13.508079621454996   0.275599917748131   0.274969519256501
  12.109447598152311   0.275856762586411   0.309447829020136   1.422234306545170   0.275049627755083   0.275032774717916
  13.508079621455058   0.275076855904986   0.308357033115846   1.643322102206001   0.275594451271759   1.913912952919724
   0.275307202179397   0.891564960708386   0.561645108141524   0.315777957928876  13.508079621454828  13.508079621454941
   0.874802763442831   0.476600037157575  13.508079621454915  13.508079621454868   0.281369617217776  13.508079621454868
   0.275528745553229   0.275358328605287  13.508079621454996   0.438651244305637   0.274968745815755   0.432905566081406
   0.481478291910796  13.508079621454986  13.508079621454769   1.002131773984604   0.957620638432616   0.825449192189027
   0.479987489705796  13.508079621454973   0.275277370250819  13.508079621454966   0.291404933614011   0.436455815799675


corrida =

    31


Solutions =

   0.275431736769801  13.508079621454932   0.296006423266109   0.275075712788656   0.338934475461315   0.685196420144597
   0.275333648993745   0.480136161790770  13.508079621454995   0.364093730643679   0.851043091441489  13.508079621454950
   0.480509483229248   0.283611100610713   0.964358418563528  13.508079621454979   0.338934477845196   0.299251426127330
   0.274968746424157   0.312302710857537   0.307606052035494  13.508079621454838  13.508079621454979   0.870009833579097
   0.508605470620316  13.508079621454936   0.338934475461325  13.508079621454963   0.285045092351594  13.508079621454925
   0.288757483720297   0.736752424070966   0.514445604694681  13.508079621454945   0.338934475461314   0.274968744979545
   0.480789468230825   0.274968744962495  13.508079621454879   1.629970460856415  13.508079621454893   0.902708333959111
   0.444486654184681   0.274968744962495  13.508079621454982   1.903837192150482  13.508079621454918   0.468043016762574
   0.274968821089853  13.508079621454934  13.460737156255915   0.338934475461341   0.855739994414765   0.275005265582567
   0.275066768927772   0.481126557745738  13.508079621454891   0.338934521758104  13.508079621454963   0.301867583888739
   0.274969018565443   0.319727024618754  13.508079621454858   0.413263632886704   1.559598768839940   0.275454324211696
   0.839494401484674   0.458256854278724   0.300383909917185   0.479982841456057  13.508079621454804  13.508079621454931
   0.275904920562205  13.508079621454881   0.310656356659359   0.274968744962495   0.849070637196838  13.508079621454982
   0.287849994107325   0.275282430344438  13.508079621454948  13.508079621454996   0.299317358862179   0.889763336950779
   0.481065496187314   1.877701298524594   0.863885348924125   0.910855791214160  13.508079621454915  13.508079621454996
   0.275009072132153  13.508079621454888  13.508079621454730   2.049061092406823   0.540409202873210  13.508079621454996
   0.482776854139580   0.318394502094940   0.275907170741659  13.508079621454938   0.338934475461315  13.508079621454796
   0.438873241806345  13.508079621454861  13.508079621454741  13.508079621454911  13.508079621454891   0.434992310515214
   0.275537026035453  13.508079621454996  13.508079621454890   0.275972292607179   0.338934475461314   2.931268806101455
   0.275006523466381   0.898904022632293  13.508079621454899   0.305198898193103   0.315045422515621  13.508079621454696
   0.483251946011473  13.499037988481861   0.314001198545209   3.075646921920857  13.508079621454996   0.447313903721707
   0.488453079575766   0.634777478253992  13.508079621454899  13.508079621454829  13.508079621454977  13.508079621454895
   0.443174786448537   0.900793465938985  13.508079621454888  13.508079621454996   0.275599917748131   0.274969519256501
  12.109447598152311   0.275856762586411   0.309447829020136   1.422234306545170   0.275049627755083   0.275032774717916
  13.508079621455058   0.275076855904986   0.308357033115846   1.643322102206001   0.275594451271759   1.913912952919724
   0.275307202179397   0.891564960708386   0.561645108141524   0.315777957928876  13.508079621454828  13.508079621454941
   0.874802763442831   0.476600037157575  13.508079621454915  13.508079621454868   0.281369617217776  13.508079621454868
   0.275528745553229   0.275358328605287  13.508079621454996   0.438651244305637   0.274968745815755   0.432905566081406
   0.481478291910796  13.508079621454986  13.508079621454769   1.002131773984604   0.957620638432616   0.825449192189027
   0.479987489705796  13.508079621454973   0.275277370250819  13.508079621454966   0.291404933614011   0.436455815799675
   0.274979132516844  13.508079621454938  13.508079621454955  13.508079621454920   0.274975245218699  13.508079621454936

ALGORTIMO 1

mejor =

   0.274968746424157


peor =

  13.508079621455058


mediana =

   0.438873241806345


promedio =

   1.199351467342891


desviacion =

   3.108281204253727

ALGORTIMO 2

mejor =

   0.274968744962495


peor =

  13.508079621454996


mediana =

   0.736752424070966


promedio =

   5.138774021602623


desviacion =

   6.316408238689383

ALGORTIMO 3

mejor =

   0.275277370250819


peor =

  13.508079621454996


mediana =

  13.508079621454730


promedio =

   7.597771722544232


desviacion =

   6.619048968998682

ALGORTIMO 4

mejor =

   0.274968744962495


peor =

  13.508079621454996


mediana =

   1.643322102206001


promedio =

   5.792092553281790


desviacion =

   6.264963951951882

ALGORTIMO 5

mejor =

   0.274968745815755


peor =

  13.508079621454996


mediana =

   0.540409202873210


promedio =

   4.685074881929326


desviacion =

   6.195268843551379

ALGORTIMO 6

mejor =

   0.274968744979545


peor =

  13.508079621454996


mediana =

   0.889763336950779


promedio =

   5.655210470482181


desviacion =

   6.365296694730247

******* Friedman Test results ********

p =

   0.004478849990510


tbl = 

    'Source'     'SS'                       'df'     'MS'                    'Chi-sq'                'Prob>Chi-sq'      
    'Columns'    [   59.483870967741922]    [  5]    [11.896774193548385]    [17.011070110701105]    [0.004478849990510]
    'Error'      [4.825161290322581e+02]    [150]    [ 3.216774193548387]                      []                     []
    'Total'      [                  542]    [185]                      []                      []                     []


stats = 

       source: 'friedman'
            n: 31
    meanranks: [2.290322580645162 3.580645161290323 4 3.919354838709678 3.580645161290323 3.629032258064516]
        sigma: 1.869966361608782

******* Bonferrony Test results ******
Note: Intervals can be used for testing but are not simultaneous confidence intervals.

results =

   1.000000000000000   2.000000000000000  -2.684459939716961  -1.290322580645161   0.103814778426639
   1.000000000000000   3.000000000000000  -3.103814778426639  -1.709677419354839  -0.315540060283039
   1.000000000000000   4.000000000000000  -3.023169617136316  -1.629032258064516  -0.234894898992716
   1.000000000000000   5.000000000000000  -2.684459939716961  -1.290322580645161   0.103814778426639
   1.000000000000000   6.000000000000000  -2.732847036491155  -1.338709677419355   0.055427681652445
   2.000000000000000   3.000000000000000  -1.813492197781477  -0.419354838709677   0.974782520362122
   2.000000000000000   4.000000000000000  -1.732847036491155  -0.338709677419355   1.055427681652445
   2.000000000000000   5.000000000000000  -1.394137359071800                   0   1.394137359071800
   2.000000000000000   6.000000000000000  -1.442524455845993  -0.048387096774194   1.345750262297606
   3.000000000000000   4.000000000000000  -1.313492197781477   0.080645161290323   1.474782520362122
   3.000000000000000   5.000000000000000  -0.974782520362122   0.419354838709677   1.813492197781477
   3.000000000000000   6.000000000000000  -1.023169617136316   0.370967741935484   1.765105101007284
   4.000000000000000   5.000000000000000  -1.055427681652445   0.338709677419355   1.732847036491155
   4.000000000000000   6.000000000000000  -1.103814778426638   0.290322580645161   1.684459939716961
   5.000000000000000   6.000000000000000  -1.442524455845993  -0.048387096774194   1.345750262297606


means =

   2.290322580645162   0.335855873156655
   3.580645161290323   0.335855873156655
   4.000000000000000   0.335855873156655
   3.919354838709678   0.335855873156655
   3.580645161290323   0.335855873156655
   3.629032258064516   0.335855873156655


h =

     2

>> 