>> E_F_Experimentos
Warning: Directory already exists. 
> In E_F_Experimentos at 25 
Warning: Directory already exists. 
> In E_F_Experimentos at 29 
Warning: Directory already exists. 
> In E_F_Experimentos at 33 

sample_size =

    31


Problema =

     2


Evaluaciones =

       15000


N =

     6


Cantidad_Simplex =

     4


Poblacion =

    28


corrida =

     1


Solutions =

   0.002628078838870   0.002628078839692   0.002628078833128


corrida =

     2


Solutions =

   0.002628078838870   0.002628078839692   0.002628078833128
   0.002628078836550   0.002628078833169   0.002628078835474


corrida =

     3


Solutions =

   0.002628078838870   0.002628078839692   0.002628078833128
   0.002628078836550   0.002628078833169   0.002628078835474
   0.002628078833129   0.002628089884365   0.002628078833128


corrida =

     4


Solutions =

   0.002628078838870   0.002628078839692   0.002628078833128
   0.002628078836550   0.002628078833169   0.002628078835474
   0.002628078833129   0.002628089884365   0.002628078833128
   0.002628078834932   0.002628078834189   0.002628078833129


corrida =

     5


Solutions =

   0.002628078838870   0.002628078839692   0.002628078833128
   0.002628078836550   0.002628078833169   0.002628078835474
   0.002628078833129   0.002628089884365   0.002628078833128
   0.002628078834932   0.002628078834189   0.002628078833129
   0.002628078833912   0.002628078833128   0.002628078833128


corrida =

     6


Solutions =

   0.002628078838870   0.002628078839692   0.002628078833128
   0.002628078836550   0.002628078833169   0.002628078835474
   0.002628078833129   0.002628089884365   0.002628078833128
   0.002628078834932   0.002628078834189   0.002628078833129
   0.002628078833912   0.002628078833128   0.002628078833128
   0.002628078833277   0.002628078837613   0.002628078833128


corrida =

     7


Solutions =

   0.002628078838870   0.002628078839692   0.002628078833128
   0.002628078836550   0.002628078833169   0.002628078835474
   0.002628078833129   0.002628089884365   0.002628078833128
   0.002628078834932   0.002628078834189   0.002628078833129
   0.002628078833912   0.002628078833128   0.002628078833128
   0.002628078833277   0.002628078837613   0.002628078833128
   0.002628078833176   0.002628078833229   0.002628078833128


corrida =

     8


Solutions =

   0.002628078838870   0.002628078839692   0.002628078833128
   0.002628078836550   0.002628078833169   0.002628078835474
   0.002628078833129   0.002628089884365   0.002628078833128
   0.002628078834932   0.002628078834189   0.002628078833129
   0.002628078833912   0.002628078833128   0.002628078833128
   0.002628078833277   0.002628078837613   0.002628078833128
   0.002628078833176   0.002628078833229   0.002628078833128
   0.002628079566679   0.002628078833128   0.002628078833128


corrida =

     9


Solutions =

   0.002628078838870   0.002628078839692   0.002628078833128
   0.002628078836550   0.002628078833169   0.002628078835474
   0.002628078833129   0.002628089884365   0.002628078833128
   0.002628078834932   0.002628078834189   0.002628078833129
   0.002628078833912   0.002628078833128   0.002628078833128
   0.002628078833277   0.002628078837613   0.002628078833128
   0.002628078833176   0.002628078833229   0.002628078833128
   0.002628079566679   0.002628078833128   0.002628078833128
   0.002628078902403   0.002628078833128   0.002628078898307


corrida =

    10


Solutions =

   0.002628078838870   0.002628078839692   0.002628078833128
   0.002628078836550   0.002628078833169   0.002628078835474
   0.002628078833129   0.002628089884365   0.002628078833128
   0.002628078834932   0.002628078834189   0.002628078833129
   0.002628078833912   0.002628078833128   0.002628078833128
   0.002628078833277   0.002628078837613   0.002628078833128
   0.002628078833176   0.002628078833229   0.002628078833128
   0.002628079566679   0.002628078833128   0.002628078833128
   0.002628078902403   0.002628078833128   0.002628078898307
   0.002628078848313   0.002628078833129   0.002628079002394


corrida =

    11


Solutions =

   0.002628078838870   0.002628078839692   0.002628078833128
   0.002628078836550   0.002628078833169   0.002628078835474
   0.002628078833129   0.002628089884365   0.002628078833128
   0.002628078834932   0.002628078834189   0.002628078833129
   0.002628078833912   0.002628078833128   0.002628078833128
   0.002628078833277   0.002628078837613   0.002628078833128
   0.002628078833176   0.002628078833229   0.002628078833128
   0.002628079566679   0.002628078833128   0.002628078833128
   0.002628078902403   0.002628078833128   0.002628078898307
   0.002628078848313   0.002628078833129   0.002628079002394
   0.002628078833319   0.002628078833128   0.002628078833168


corrida =

    12


Solutions =

   0.002628078838870   0.002628078839692   0.002628078833128
   0.002628078836550   0.002628078833169   0.002628078835474
   0.002628078833129   0.002628089884365   0.002628078833128
   0.002628078834932   0.002628078834189   0.002628078833129
   0.002628078833912   0.002628078833128   0.002628078833128
   0.002628078833277   0.002628078837613   0.002628078833128
   0.002628078833176   0.002628078833229   0.002628078833128
   0.002628079566679   0.002628078833128   0.002628078833128
   0.002628078902403   0.002628078833128   0.002628078898307
   0.002628078848313   0.002628078833129   0.002628079002394
   0.002628078833319   0.002628078833128   0.002628078833168
   0.002628078836696   0.002628078835089   0.002628078833130


corrida =

    13


Solutions =

   0.002628078838870   0.002628078839692   0.002628078833128
   0.002628078836550   0.002628078833169   0.002628078835474
   0.002628078833129   0.002628089884365   0.002628078833128
   0.002628078834932   0.002628078834189   0.002628078833129
   0.002628078833912   0.002628078833128   0.002628078833128
   0.002628078833277   0.002628078837613   0.002628078833128
   0.002628078833176   0.002628078833229   0.002628078833128
   0.002628079566679   0.002628078833128   0.002628078833128
   0.002628078902403   0.002628078833128   0.002628078898307
   0.002628078848313   0.002628078833129   0.002628079002394
   0.002628078833319   0.002628078833128   0.002628078833168
   0.002628078836696   0.002628078835089   0.002628078833130
   0.002628078834798   0.002628124041036   0.002628078833130


corrida =

    14


Solutions =

   0.002628078838870   0.002628078839692   0.002628078833128
   0.002628078836550   0.002628078833169   0.002628078835474
   0.002628078833129   0.002628089884365   0.002628078833128
   0.002628078834932   0.002628078834189   0.002628078833129
   0.002628078833912   0.002628078833128   0.002628078833128
   0.002628078833277   0.002628078837613   0.002628078833128
   0.002628078833176   0.002628078833229   0.002628078833128
   0.002628079566679   0.002628078833128   0.002628078833128
   0.002628078902403   0.002628078833128   0.002628078898307
   0.002628078848313   0.002628078833129   0.002628079002394
   0.002628078833319   0.002628078833128   0.002628078833168
   0.002628078836696   0.002628078835089   0.002628078833130
   0.002628078834798   0.002628124041036   0.002628078833130
   0.002628078833604   0.002628078833128   0.002628078833128


corrida =

    15


Solutions =

   0.002628078838870   0.002628078839692   0.002628078833128
   0.002628078836550   0.002628078833169   0.002628078835474
   0.002628078833129   0.002628089884365   0.002628078833128
   0.002628078834932   0.002628078834189   0.002628078833129
   0.002628078833912   0.002628078833128   0.002628078833128
   0.002628078833277   0.002628078837613   0.002628078833128
   0.002628078833176   0.002628078833229   0.002628078833128
   0.002628079566679   0.002628078833128   0.002628078833128
   0.002628078902403   0.002628078833128   0.002628078898307
   0.002628078848313   0.002628078833129   0.002628079002394
   0.002628078833319   0.002628078833128   0.002628078833168
   0.002628078836696   0.002628078835089   0.002628078833130
   0.002628078834798   0.002628124041036   0.002628078833130
   0.002628078833604   0.002628078833128   0.002628078833128
   0.002628078924085   0.002628078833170   0.002628078833128


corrida =

    16


Solutions =

   0.002628078838870   0.002628078839692   0.002628078833128
   0.002628078836550   0.002628078833169   0.002628078835474
   0.002628078833129   0.002628089884365   0.002628078833128
   0.002628078834932   0.002628078834189   0.002628078833129
   0.002628078833912   0.002628078833128   0.002628078833128
   0.002628078833277   0.002628078837613   0.002628078833128
   0.002628078833176   0.002628078833229   0.002628078833128
   0.002628079566679   0.002628078833128   0.002628078833128
   0.002628078902403   0.002628078833128   0.002628078898307
   0.002628078848313   0.002628078833129   0.002628079002394
   0.002628078833319   0.002628078833128   0.002628078833168
   0.002628078836696   0.002628078835089   0.002628078833130
   0.002628078834798   0.002628124041036   0.002628078833130
   0.002628078833604   0.002628078833128   0.002628078833128
   0.002628078924085   0.002628078833170   0.002628078833128
   0.002628078876392   0.002628078833133   0.002628078833128


corrida =

    17


Solutions =

   0.002628078838870   0.002628078839692   0.002628078833128
   0.002628078836550   0.002628078833169   0.002628078835474
   0.002628078833129   0.002628089884365   0.002628078833128
   0.002628078834932   0.002628078834189   0.002628078833129
   0.002628078833912   0.002628078833128   0.002628078833128
   0.002628078833277   0.002628078837613   0.002628078833128
   0.002628078833176   0.002628078833229   0.002628078833128
   0.002628079566679   0.002628078833128   0.002628078833128
   0.002628078902403   0.002628078833128   0.002628078898307
   0.002628078848313   0.002628078833129   0.002628079002394
   0.002628078833319   0.002628078833128   0.002628078833168
   0.002628078836696   0.002628078835089   0.002628078833130
   0.002628078834798   0.002628124041036   0.002628078833130
   0.002628078833604   0.002628078833128   0.002628078833128
   0.002628078924085   0.002628078833170   0.002628078833128
   0.002628078876392   0.002628078833133   0.002628078833128
   0.002628078834518   0.002628078833128   0.002628078833721


corrida =

    18


Solutions =

   0.002628078838870   0.002628078839692   0.002628078833128
   0.002628078836550   0.002628078833169   0.002628078835474
   0.002628078833129   0.002628089884365   0.002628078833128
   0.002628078834932   0.002628078834189   0.002628078833129
   0.002628078833912   0.002628078833128   0.002628078833128
   0.002628078833277   0.002628078837613   0.002628078833128
   0.002628078833176   0.002628078833229   0.002628078833128
   0.002628079566679   0.002628078833128   0.002628078833128
   0.002628078902403   0.002628078833128   0.002628078898307
   0.002628078848313   0.002628078833129   0.002628079002394
   0.002628078833319   0.002628078833128   0.002628078833168
   0.002628078836696   0.002628078835089   0.002628078833130
   0.002628078834798   0.002628124041036   0.002628078833130
   0.002628078833604   0.002628078833128   0.002628078833128
   0.002628078924085   0.002628078833170   0.002628078833128
   0.002628078876392   0.002628078833133   0.002628078833128
   0.002628078834518   0.002628078833128   0.002628078833721
   0.002628078837856   0.002628078833128   0.002628078833810


corrida =

    19


Solutions =

   0.002628078838870   0.002628078839692   0.002628078833128
   0.002628078836550   0.002628078833169   0.002628078835474
   0.002628078833129   0.002628089884365   0.002628078833128
   0.002628078834932   0.002628078834189   0.002628078833129
   0.002628078833912   0.002628078833128   0.002628078833128
   0.002628078833277   0.002628078837613   0.002628078833128
   0.002628078833176   0.002628078833229   0.002628078833128
   0.002628079566679   0.002628078833128   0.002628078833128
   0.002628078902403   0.002628078833128   0.002628078898307
   0.002628078848313   0.002628078833129   0.002628079002394
   0.002628078833319   0.002628078833128   0.002628078833168
   0.002628078836696   0.002628078835089   0.002628078833130
   0.002628078834798   0.002628124041036   0.002628078833130
   0.002628078833604   0.002628078833128   0.002628078833128
   0.002628078924085   0.002628078833170   0.002628078833128
   0.002628078876392   0.002628078833133   0.002628078833128
   0.002628078834518   0.002628078833128   0.002628078833721
   0.002628078837856   0.002628078833128   0.002628078833810
   0.002628078833933   0.002628081054638   0.002628079052151


corrida =

    20


Solutions =

   0.002628078838870   0.002628078839692   0.002628078833128
   0.002628078836550   0.002628078833169   0.002628078835474
   0.002628078833129   0.002628089884365   0.002628078833128
   0.002628078834932   0.002628078834189   0.002628078833129
   0.002628078833912   0.002628078833128   0.002628078833128
   0.002628078833277   0.002628078837613   0.002628078833128
   0.002628078833176   0.002628078833229   0.002628078833128
   0.002628079566679   0.002628078833128   0.002628078833128
   0.002628078902403   0.002628078833128   0.002628078898307
   0.002628078848313   0.002628078833129   0.002628079002394
   0.002628078833319   0.002628078833128   0.002628078833168
   0.002628078836696   0.002628078835089   0.002628078833130
   0.002628078834798   0.002628124041036   0.002628078833130
   0.002628078833604   0.002628078833128   0.002628078833128
   0.002628078924085   0.002628078833170   0.002628078833128
   0.002628078876392   0.002628078833133   0.002628078833128
   0.002628078834518   0.002628078833128   0.002628078833721
   0.002628078837856   0.002628078833128   0.002628078833810
   0.002628078833933   0.002628081054638   0.002628079052151
   0.002628078833143   0.002628078833128   0.002628078833424


corrida =

    21


Solutions =

   0.002628078838870   0.002628078839692   0.002628078833128
   0.002628078836550   0.002628078833169   0.002628078835474
   0.002628078833129   0.002628089884365   0.002628078833128
   0.002628078834932   0.002628078834189   0.002628078833129
   0.002628078833912   0.002628078833128   0.002628078833128
   0.002628078833277   0.002628078837613   0.002628078833128
   0.002628078833176   0.002628078833229   0.002628078833128
   0.002628079566679   0.002628078833128   0.002628078833128
   0.002628078902403   0.002628078833128   0.002628078898307
   0.002628078848313   0.002628078833129   0.002628079002394
   0.002628078833319   0.002628078833128   0.002628078833168
   0.002628078836696   0.002628078835089   0.002628078833130
   0.002628078834798   0.002628124041036   0.002628078833130
   0.002628078833604   0.002628078833128   0.002628078833128
   0.002628078924085   0.002628078833170   0.002628078833128
   0.002628078876392   0.002628078833133   0.002628078833128
   0.002628078834518   0.002628078833128   0.002628078833721
   0.002628078837856   0.002628078833128   0.002628078833810
   0.002628078833933   0.002628081054638   0.002628079052151
   0.002628078833143   0.002628078833128   0.002628078833424
   0.002628078833451   0.002628078833128   0.002628078833138


corrida =

    22


Solutions =

   0.002628078838870   0.002628078839692   0.002628078833128
   0.002628078836550   0.002628078833169   0.002628078835474
   0.002628078833129   0.002628089884365   0.002628078833128
   0.002628078834932   0.002628078834189   0.002628078833129
   0.002628078833912   0.002628078833128   0.002628078833128
   0.002628078833277   0.002628078837613   0.002628078833128
   0.002628078833176   0.002628078833229   0.002628078833128
   0.002628079566679   0.002628078833128   0.002628078833128
   0.002628078902403   0.002628078833128   0.002628078898307
   0.002628078848313   0.002628078833129   0.002628079002394
   0.002628078833319   0.002628078833128   0.002628078833168
   0.002628078836696   0.002628078835089   0.002628078833130
   0.002628078834798   0.002628124041036   0.002628078833130
   0.002628078833604   0.002628078833128   0.002628078833128
   0.002628078924085   0.002628078833170   0.002628078833128
   0.002628078876392   0.002628078833133   0.002628078833128
   0.002628078834518   0.002628078833128   0.002628078833721
   0.002628078837856   0.002628078833128   0.002628078833810
   0.002628078833933   0.002628081054638   0.002628079052151
   0.002628078833143   0.002628078833128   0.002628078833424
   0.002628078833451   0.002628078833128   0.002628078833138
   0.002628080346408   0.002628078833128   0.002628078833128


corrida =

    23


Solutions =

   0.002628078838870   0.002628078839692   0.002628078833128
   0.002628078836550   0.002628078833169   0.002628078835474
   0.002628078833129   0.002628089884365   0.002628078833128
   0.002628078834932   0.002628078834189   0.002628078833129
   0.002628078833912   0.002628078833128   0.002628078833128
   0.002628078833277   0.002628078837613   0.002628078833128
   0.002628078833176   0.002628078833229   0.002628078833128
   0.002628079566679   0.002628078833128   0.002628078833128
   0.002628078902403   0.002628078833128   0.002628078898307
   0.002628078848313   0.002628078833129   0.002628079002394
   0.002628078833319   0.002628078833128   0.002628078833168
   0.002628078836696   0.002628078835089   0.002628078833130
   0.002628078834798   0.002628124041036   0.002628078833130
   0.002628078833604   0.002628078833128   0.002628078833128
   0.002628078924085   0.002628078833170   0.002628078833128
   0.002628078876392   0.002628078833133   0.002628078833128
   0.002628078834518   0.002628078833128   0.002628078833721
   0.002628078837856   0.002628078833128   0.002628078833810
   0.002628078833933   0.002628081054638   0.002628079052151
   0.002628078833143   0.002628078833128   0.002628078833424
   0.002628078833451   0.002628078833128   0.002628078833138
   0.002628080346408   0.002628078833128   0.002628078833128
   0.002628078834910   0.002628078837514   0.002628078833128


corrida =

    24


Solutions =

   0.002628078838870   0.002628078839692   0.002628078833128
   0.002628078836550   0.002628078833169   0.002628078835474
   0.002628078833129   0.002628089884365   0.002628078833128
   0.002628078834932   0.002628078834189   0.002628078833129
   0.002628078833912   0.002628078833128   0.002628078833128
   0.002628078833277   0.002628078837613   0.002628078833128
   0.002628078833176   0.002628078833229   0.002628078833128
   0.002628079566679   0.002628078833128   0.002628078833128
   0.002628078902403   0.002628078833128   0.002628078898307
   0.002628078848313   0.002628078833129   0.002628079002394
   0.002628078833319   0.002628078833128   0.002628078833168
   0.002628078836696   0.002628078835089   0.002628078833130
   0.002628078834798   0.002628124041036   0.002628078833130
   0.002628078833604   0.002628078833128   0.002628078833128
   0.002628078924085   0.002628078833170   0.002628078833128
   0.002628078876392   0.002628078833133   0.002628078833128
   0.002628078834518   0.002628078833128   0.002628078833721
   0.002628078837856   0.002628078833128   0.002628078833810
   0.002628078833933   0.002628081054638   0.002628079052151
   0.002628078833143   0.002628078833128   0.002628078833424
   0.002628078833451   0.002628078833128   0.002628078833138
   0.002628080346408   0.002628078833128   0.002628078833128
   0.002628078834910   0.002628078837514   0.002628078833128
   0.002628078833134   0.002628078833128   0.002628078833128


corrida =

    25


Solutions =

   0.002628078838870   0.002628078839692   0.002628078833128
   0.002628078836550   0.002628078833169   0.002628078835474
   0.002628078833129   0.002628089884365   0.002628078833128
   0.002628078834932   0.002628078834189   0.002628078833129
   0.002628078833912   0.002628078833128   0.002628078833128
   0.002628078833277   0.002628078837613   0.002628078833128
   0.002628078833176   0.002628078833229   0.002628078833128
   0.002628079566679   0.002628078833128   0.002628078833128
   0.002628078902403   0.002628078833128   0.002628078898307
   0.002628078848313   0.002628078833129   0.002628079002394
   0.002628078833319   0.002628078833128   0.002628078833168
   0.002628078836696   0.002628078835089   0.002628078833130
   0.002628078834798   0.002628124041036   0.002628078833130
   0.002628078833604   0.002628078833128   0.002628078833128
   0.002628078924085   0.002628078833170   0.002628078833128
   0.002628078876392   0.002628078833133   0.002628078833128
   0.002628078834518   0.002628078833128   0.002628078833721
   0.002628078837856   0.002628078833128   0.002628078833810
   0.002628078833933   0.002628081054638   0.002628079052151
   0.002628078833143   0.002628078833128   0.002628078833424
   0.002628078833451   0.002628078833128   0.002628078833138
   0.002628080346408   0.002628078833128   0.002628078833128
   0.002628078834910   0.002628078837514   0.002628078833128
   0.002628078833134   0.002628078833128   0.002628078833128
   0.002628078833328   0.002628078833132   0.002628078833130


corrida =

    26


Solutions =

   0.002628078838870   0.002628078839692   0.002628078833128
   0.002628078836550   0.002628078833169   0.002628078835474
   0.002628078833129   0.002628089884365   0.002628078833128
   0.002628078834932   0.002628078834189   0.002628078833129
   0.002628078833912   0.002628078833128   0.002628078833128
   0.002628078833277   0.002628078837613   0.002628078833128
   0.002628078833176   0.002628078833229   0.002628078833128
   0.002628079566679   0.002628078833128   0.002628078833128
   0.002628078902403   0.002628078833128   0.002628078898307
   0.002628078848313   0.002628078833129   0.002628079002394
   0.002628078833319   0.002628078833128   0.002628078833168
   0.002628078836696   0.002628078835089   0.002628078833130
   0.002628078834798   0.002628124041036   0.002628078833130
   0.002628078833604   0.002628078833128   0.002628078833128
   0.002628078924085   0.002628078833170   0.002628078833128
   0.002628078876392   0.002628078833133   0.002628078833128
   0.002628078834518   0.002628078833128   0.002628078833721
   0.002628078837856   0.002628078833128   0.002628078833810
   0.002628078833933   0.002628081054638   0.002628079052151
   0.002628078833143   0.002628078833128   0.002628078833424
   0.002628078833451   0.002628078833128   0.002628078833138
   0.002628080346408   0.002628078833128   0.002628078833128
   0.002628078834910   0.002628078837514   0.002628078833128
   0.002628078833134   0.002628078833128   0.002628078833128
   0.002628078833328   0.002628078833132   0.002628078833130
   0.002628078833257   0.002628078837769   0.002628078833128


corrida =

    27


Solutions =

   0.002628078838870   0.002628078839692   0.002628078833128
   0.002628078836550   0.002628078833169   0.002628078835474
   0.002628078833129   0.002628089884365   0.002628078833128
   0.002628078834932   0.002628078834189   0.002628078833129
   0.002628078833912   0.002628078833128   0.002628078833128
   0.002628078833277   0.002628078837613   0.002628078833128
   0.002628078833176   0.002628078833229   0.002628078833128
   0.002628079566679   0.002628078833128   0.002628078833128
   0.002628078902403   0.002628078833128   0.002628078898307
   0.002628078848313   0.002628078833129   0.002628079002394
   0.002628078833319   0.002628078833128   0.002628078833168
   0.002628078836696   0.002628078835089   0.002628078833130
   0.002628078834798   0.002628124041036   0.002628078833130
   0.002628078833604   0.002628078833128   0.002628078833128
   0.002628078924085   0.002628078833170   0.002628078833128
   0.002628078876392   0.002628078833133   0.002628078833128
   0.002628078834518   0.002628078833128   0.002628078833721
   0.002628078837856   0.002628078833128   0.002628078833810
   0.002628078833933   0.002628081054638   0.002628079052151
   0.002628078833143   0.002628078833128   0.002628078833424
   0.002628078833451   0.002628078833128   0.002628078833138
   0.002628080346408   0.002628078833128   0.002628078833128
   0.002628078834910   0.002628078837514   0.002628078833128
   0.002628078833134   0.002628078833128   0.002628078833128
   0.002628078833328   0.002628078833132   0.002628078833130
   0.002628078833257   0.002628078837769   0.002628078833128
   0.002628084836062   0.002628080718481   0.002628078833128


corrida =

    28


Solutions =

   0.002628078838870   0.002628078839692   0.002628078833128
   0.002628078836550   0.002628078833169   0.002628078835474
   0.002628078833129   0.002628089884365   0.002628078833128
   0.002628078834932   0.002628078834189   0.002628078833129
   0.002628078833912   0.002628078833128   0.002628078833128
   0.002628078833277   0.002628078837613   0.002628078833128
   0.002628078833176   0.002628078833229   0.002628078833128
   0.002628079566679   0.002628078833128   0.002628078833128
   0.002628078902403   0.002628078833128   0.002628078898307
   0.002628078848313   0.002628078833129   0.002628079002394
   0.002628078833319   0.002628078833128   0.002628078833168
   0.002628078836696   0.002628078835089   0.002628078833130
   0.002628078834798   0.002628124041036   0.002628078833130
   0.002628078833604   0.002628078833128   0.002628078833128
   0.002628078924085   0.002628078833170   0.002628078833128
   0.002628078876392   0.002628078833133   0.002628078833128
   0.002628078834518   0.002628078833128   0.002628078833721
   0.002628078837856   0.002628078833128   0.002628078833810
   0.002628078833933   0.002628081054638   0.002628079052151
   0.002628078833143   0.002628078833128   0.002628078833424
   0.002628078833451   0.002628078833128   0.002628078833138
   0.002628080346408   0.002628078833128   0.002628078833128
   0.002628078834910   0.002628078837514   0.002628078833128
   0.002628078833134   0.002628078833128   0.002628078833128
   0.002628078833328   0.002628078833132   0.002628078833130
   0.002628078833257   0.002628078837769   0.002628078833128
   0.002628084836062   0.002628080718481   0.002628078833128
   0.002628078861125   0.002628078833128   0.002628078833128


corrida =

    29


Solutions =

   0.002628078838870   0.002628078839692   0.002628078833128
   0.002628078836550   0.002628078833169   0.002628078835474
   0.002628078833129   0.002628089884365   0.002628078833128
   0.002628078834932   0.002628078834189   0.002628078833129
   0.002628078833912   0.002628078833128   0.002628078833128
   0.002628078833277   0.002628078837613   0.002628078833128
   0.002628078833176   0.002628078833229   0.002628078833128
   0.002628079566679   0.002628078833128   0.002628078833128
   0.002628078902403   0.002628078833128   0.002628078898307
   0.002628078848313   0.002628078833129   0.002628079002394
   0.002628078833319   0.002628078833128   0.002628078833168
   0.002628078836696   0.002628078835089   0.002628078833130
   0.002628078834798   0.002628124041036   0.002628078833130
   0.002628078833604   0.002628078833128   0.002628078833128
   0.002628078924085   0.002628078833170   0.002628078833128
   0.002628078876392   0.002628078833133   0.002628078833128
   0.002628078834518   0.002628078833128   0.002628078833721
   0.002628078837856   0.002628078833128   0.002628078833810
   0.002628078833933   0.002628081054638   0.002628079052151
   0.002628078833143   0.002628078833128   0.002628078833424
   0.002628078833451   0.002628078833128   0.002628078833138
   0.002628080346408   0.002628078833128   0.002628078833128
   0.002628078834910   0.002628078837514   0.002628078833128
   0.002628078833134   0.002628078833128   0.002628078833128
   0.002628078833328   0.002628078833132   0.002628078833130
   0.002628078833257   0.002628078837769   0.002628078833128
   0.002628084836062   0.002628080718481   0.002628078833128
   0.002628078861125   0.002628078833128   0.002628078833128
   0.002628078839480   0.002628124467156   0.002628078833704


corrida =

    30


Solutions =

   0.002628078838870   0.002628078839692   0.002628078833128
   0.002628078836550   0.002628078833169   0.002628078835474
   0.002628078833129   0.002628089884365   0.002628078833128
   0.002628078834932   0.002628078834189   0.002628078833129
   0.002628078833912   0.002628078833128   0.002628078833128
   0.002628078833277   0.002628078837613   0.002628078833128
   0.002628078833176   0.002628078833229   0.002628078833128
   0.002628079566679   0.002628078833128   0.002628078833128
   0.002628078902403   0.002628078833128   0.002628078898307
   0.002628078848313   0.002628078833129   0.002628079002394
   0.002628078833319   0.002628078833128   0.002628078833168
   0.002628078836696   0.002628078835089   0.002628078833130
   0.002628078834798   0.002628124041036   0.002628078833130
   0.002628078833604   0.002628078833128   0.002628078833128
   0.002628078924085   0.002628078833170   0.002628078833128
   0.002628078876392   0.002628078833133   0.002628078833128
   0.002628078834518   0.002628078833128   0.002628078833721
   0.002628078837856   0.002628078833128   0.002628078833810
   0.002628078833933   0.002628081054638   0.002628079052151
   0.002628078833143   0.002628078833128   0.002628078833424
   0.002628078833451   0.002628078833128   0.002628078833138
   0.002628080346408   0.002628078833128   0.002628078833128
   0.002628078834910   0.002628078837514   0.002628078833128
   0.002628078833134   0.002628078833128   0.002628078833128
   0.002628078833328   0.002628078833132   0.002628078833130
   0.002628078833257   0.002628078837769   0.002628078833128
   0.002628084836062   0.002628080718481   0.002628078833128
   0.002628078861125   0.002628078833128   0.002628078833128
   0.002628078839480   0.002628124467156   0.002628078833704
   0.002628078835930   0.002628078833128   0.002628096244674


corrida =

    31


Solutions =

   0.002628078838870   0.002628078839692   0.002628078833128
   0.002628078836550   0.002628078833169   0.002628078835474
   0.002628078833129   0.002628089884365   0.002628078833128
   0.002628078834932   0.002628078834189   0.002628078833129
   0.002628078833912   0.002628078833128   0.002628078833128
   0.002628078833277   0.002628078837613   0.002628078833128
   0.002628078833176   0.002628078833229   0.002628078833128
   0.002628079566679   0.002628078833128   0.002628078833128
   0.002628078902403   0.002628078833128   0.002628078898307
   0.002628078848313   0.002628078833129   0.002628079002394
   0.002628078833319   0.002628078833128   0.002628078833168
   0.002628078836696   0.002628078835089   0.002628078833130
   0.002628078834798   0.002628124041036   0.002628078833130
   0.002628078833604   0.002628078833128   0.002628078833128
   0.002628078924085   0.002628078833170   0.002628078833128
   0.002628078876392   0.002628078833133   0.002628078833128
   0.002628078834518   0.002628078833128   0.002628078833721
   0.002628078837856   0.002628078833128   0.002628078833810
   0.002628078833933   0.002628081054638   0.002628079052151
   0.002628078833143   0.002628078833128   0.002628078833424
   0.002628078833451   0.002628078833128   0.002628078833138
   0.002628080346408   0.002628078833128   0.002628078833128
   0.002628078834910   0.002628078837514   0.002628078833128
   0.002628078833134   0.002628078833128   0.002628078833128
   0.002628078833328   0.002628078833132   0.002628078833130
   0.002628078833257   0.002628078837769   0.002628078833128
   0.002628084836062   0.002628080718481   0.002628078833128
   0.002628078861125   0.002628078833128   0.002628078833128
   0.002628078839480   0.002628124467156   0.002628078833704
   0.002628078835930   0.002628078833128   0.002628096244674
   0.002628078836342   0.002628078837477   0.002628078833128

ALGORTIMO 1

mejor =

   0.002628078833129


peor =

   0.002628084836062


mediana =

   0.002628078834932


promedio =

   0.002628079108484


desviacion =

     1.103464115488543e-09

ALGORTIMO 2

mejor =

   0.002628078833128


peor =

   0.002628124467156


mediana =

   0.002628078833133


promedio =

   0.002628082253376


desviacion =

     1.139327027596066e-08

ALGORTIMO 3

mejor =

   0.002628078833128


peor =

   0.002628096244674


mediana =

   0.002628078833128


promedio =

   0.002628079409565


desviacion =

     3.124858031118299e-09

******* Wilcoxon Test results for Experiment E********

p =

   0.700000000000000


h =

     0


rank_sum =

    12


H0 =

Aceptada

******* Wilcoxon Test results for Experiment F********

p =

     1


h =

     0


rank_sum =

    11


H0 =

Rechazada

>> 