

Problema =

     1


Evaluaciones =

      750030


N =

    15


Cantidad_Simplex =

     9


Poblacion =

   144


corrida =

     1


Solutions =

   1.0e-03 *

  Columns 1 through 4

   0.000781108276665   0.496054374758516   0.223614929347718   0.207650562404063

  Columns 5 through 6

   0.205036177276851   0.636450812614375


corrida =

     2


Solutions =

  Columns 1 through 4

   0.000000781108277   0.000496054374759   0.000223614929348   0.000207650562404
   0.027477712359343   0.000206265719976   0.000257418220101   0.000317561864165

  Columns 5 through 6

   0.000205036177277   0.000636450812614
   0.000000000000000   0.000000000000000


corrida =

     3


Solutions =

  Columns 1 through 4

   0.000000781108277   0.000496054374759   0.000223614929348   0.000207650562404
   0.027477712359343   0.000206265719976   0.000257418220101   0.000317561864165
   0.000000000000000   0.000221616397170   0.000633884361725   0.000205036177277

  Columns 5 through 6

   0.000205036177277   0.000636450812614
   0.000000000000000   0.000000000000000
   0.000489615498124   0.000283329113873


corrida =

     4


Solutions =

  Columns 1 through 4

   0.000000781108277   0.000496054374759   0.000223614929348   0.000207650562404
   0.027477712359343   0.000206265719976   0.000257418220101   0.000317561864165
   0.000000000000000   0.000221616397170   0.000633884361725   0.000205036177277
   0.020672721290642   0.000285809000730   0.000205036177278   0.000245958572215

  Columns 5 through 6

   0.000205036177277   0.000636450812614
   0.000000000000000   0.000000000000000
   0.000489615498124   0.000283329113873
   0.000205036177276   0.000205036177292


corrida =

     5


Solutions =

  Columns 1 through 4

   0.000000781108277   0.000496054374759   0.000223614929348   0.000207650562404
   0.027477712359343   0.000206265719976   0.000257418220101   0.000317561864165
   0.000000000000000   0.000221616397170   0.000633884361725   0.000205036177277
   0.020672721290642   0.000285809000730   0.000205036177278   0.000245958572215
   0.000075994492559   0.000000000000000   0.000543157934418   0.000380227677727

  Columns 5 through 6

   0.000205036177277   0.000636450812614
   0.000000000000000   0.000000000000000
   0.000489615498124   0.000283329113873
   0.000205036177276   0.000205036177292
   0.000255832129820   0.000480909659037


corrida =

     6


Solutions =

  Columns 1 through 4

   0.000000781108277   0.000496054374759   0.000223614929348   0.000207650562404
   0.027477712359343   0.000206265719976   0.000257418220101   0.000317561864165
   0.000000000000000   0.000221616397170   0.000633884361725   0.000205036177277
   0.020672721290642   0.000285809000730   0.000205036177278   0.000245958572215
   0.000075994492559   0.000000000000000   0.000543157934418   0.000380227677727
   0.000000000000000   0.000231293294954   0.025700382304998   0.000633626231091

  Columns 5 through 6

   0.000205036177277   0.000636450812614
   0.000000000000000   0.000000000000000
   0.000489615498124   0.000283329113873
   0.000205036177276   0.000205036177292
   0.000255832129820   0.000480909659037
   0.000130041968338   0.000000234033271


corrida =

     7


Solutions =

  Columns 1 through 4

   0.000000781108277   0.000496054374759   0.000223614929348   0.000207650562404
   0.027477712359343   0.000206265719976   0.000257418220101   0.000317561864165
   0.000000000000000   0.000221616397170   0.000633884361725   0.000205036177277
   0.020672721290642   0.000285809000730   0.000205036177278   0.000245958572215
   0.000075994492559   0.000000000000000   0.000543157934418   0.000380227677727
   0.000000000000000   0.000231293294954   0.025700382304998   0.000633626231091
   0.027456860071567   0.000000573740662   0.000305783004983   0.000089715873271

  Columns 5 through 6

   0.000205036177277   0.000636450812614
   0.000000000000000   0.000000000000000
   0.000489615498124   0.000283329113873
   0.000205036177276   0.000205036177292
   0.000255832129820   0.000480909659037
   0.000130041968338   0.000000234033271
   0.000208294771828   0.000313415492733


corrida =

     8


Solutions =

  Columns 1 through 4

   0.000000781108277   0.000496054374759   0.000223614929348   0.000207650562404
   0.027477712359343   0.000206265719976   0.000257418220101   0.000317561864165
   0.000000000000000   0.000221616397170   0.000633884361725   0.000205036177277
   0.020672721290642   0.000285809000730   0.000205036177278   0.000245958572215
   0.000075994492559   0.000000000000000   0.000543157934418   0.000380227677727
   0.000000000000000   0.000231293294954   0.025700382304998   0.000633626231091
   0.027456860071567   0.000000573740662   0.000305783004983   0.000089715873271
   0.000001484236341   0.026041321692453   0.020858999787099   0.000205036177278

  Columns 5 through 6

   0.000205036177277   0.000636450812614
   0.000000000000000   0.000000000000000
   0.000489615498124   0.000283329113873
   0.000205036177276   0.000205036177292
   0.000255832129820   0.000480909659037
   0.000130041968338   0.000000234033271
   0.000208294771828   0.000313415492733
   0.000378117038309   0.000000000000000


corrida =

     9


Solutions =

  Columns 1 through 4

   0.000000781108277   0.000496054374759   0.000223614929348   0.000207650562404
   0.027477712359343   0.000206265719976   0.000257418220101   0.000317561864165
   0.000000000000000   0.000221616397170   0.000633884361725   0.000205036177277
   0.020672721290642   0.000285809000730   0.000205036177278   0.000245958572215
   0.000075994492559   0.000000000000000   0.000543157934418   0.000380227677727
   0.000000000000000   0.000231293294954   0.025700382304998   0.000633626231091
   0.027456860071567   0.000000573740662   0.000305783004983   0.000089715873271
   0.000001484236341   0.026041321692453   0.020858999787099   0.000205036177278
   0.000002772942490   0.000205036409727   0.000456256450102   0.000532021622896

  Columns 5 through 6

   0.000205036177277   0.000636450812614
   0.000000000000000   0.000000000000000
   0.000489615498124   0.000283329113873
   0.000205036177276   0.000205036177292
   0.000255832129820   0.000480909659037
   0.000130041968338   0.000000234033271
   0.000208294771828   0.000313415492733
   0.000378117038309   0.000000000000000
   0.000014670092168   0.000205036177277


corrida =

    10


Solutions =

  Columns 1 through 4

   0.000000781108277   0.000496054374759   0.000223614929348   0.000207650562404
   0.027477712359343   0.000206265719976   0.000257418220101   0.000317561864165
   0.000000000000000   0.000221616397170   0.000633884361725   0.000205036177277
   0.020672721290642   0.000285809000730   0.000205036177278   0.000245958572215
   0.000075994492559   0.000000000000000   0.000543157934418   0.000380227677727
   0.000000000000000   0.000231293294954   0.025700382304998   0.000633626231091
   0.027456860071567   0.000000573740662   0.000305783004983   0.000089715873271
   0.000001484236341   0.026041321692453   0.020858999787099   0.000205036177278
   0.000002772942490   0.000205036409727   0.000456256450102   0.000532021622896
   0.000635391171320   0.000205338420058   0.000205134327727                   0

  Columns 5 through 6

   0.000205036177277   0.000636450812614
   0.000000000000000   0.000000000000000
   0.000489615498124   0.000283329113873
   0.000205036177276   0.000205036177292
   0.000255832129820   0.000480909659037
   0.000130041968338   0.000000234033271
   0.000208294771828   0.000313415492733
   0.000378117038309   0.000000000000000
   0.000014670092168   0.000205036177277
   0.020672244555718   0.000265678505544


corrida =

    11


Solutions =

  Columns 1 through 4

   0.000000781108277   0.000496054374759   0.000223614929348   0.000207650562404
   0.027477712359343   0.000206265719976   0.000257418220101   0.000317561864165
   0.000000000000000   0.000221616397170   0.000633884361725   0.000205036177277
   0.020672721290642   0.000285809000730   0.000205036177278   0.000245958572215
   0.000075994492559   0.000000000000000   0.000543157934418   0.000380227677727
   0.000000000000000   0.000231293294954   0.025700382304998   0.000633626231091
   0.027456860071567   0.000000573740662   0.000305783004983   0.000089715873271
   0.000001484236341   0.026041321692453   0.020858999787099   0.000205036177278
   0.000002772942490   0.000205036409727   0.000456256450102   0.000532021622896
   0.000635391171320   0.000205338420058   0.000205134327727                   0
   0.001332187080352   0.000205036177532   0.000111340268858   0.000205214532418

  Columns 5 through 6

   0.000205036177277   0.000636450812614
   0.000000000000000   0.000000000000000
   0.000489615498124   0.000283329113873
   0.000205036177276   0.000205036177292
   0.000255832129820   0.000480909659037
   0.000130041968338   0.000000234033271
   0.000208294771828   0.000313415492733
   0.000378117038309   0.000000000000000
   0.000014670092168   0.000205036177277
   0.020672244555718   0.000265678505544
   0.020672244555716   0.020672244555720


corrida =

    12


Solutions =

  Columns 1 through 4

   0.000000781108277   0.000496054374759   0.000223614929348   0.000207650562404
   0.027477712359343   0.000206265719976   0.000257418220101   0.000317561864165
   0.000000000000000   0.000221616397170   0.000633884361725   0.000205036177277
   0.020672721290642   0.000285809000730   0.000205036177278   0.000245958572215
   0.000075994492559   0.000000000000000   0.000543157934418   0.000380227677727
   0.000000000000000   0.000231293294954   0.025700382304998   0.000633626231091
   0.027456860071567   0.000000573740662   0.000305783004983   0.000089715873271
   0.000001484236341   0.026041321692453   0.020858999787099   0.000205036177278
   0.000002772942490   0.000205036409727   0.000456256450102   0.000532021622896
   0.000635391171320   0.000205338420058   0.000205134327727                   0
   0.001332187080352   0.000205036177532   0.000111340268858   0.000205214532418
   0.000907021070541   0.000205037765743   0.000301675834748   0.000000493461963

  Columns 5 through 6

   0.000205036177277   0.000636450812614
   0.000000000000000   0.000000000000000
   0.000489615498124   0.000283329113873
   0.000205036177276   0.000205036177292
   0.000255832129820   0.000480909659037
   0.000130041968338   0.000000234033271
   0.000208294771828   0.000313415492733
   0.000378117038309   0.000000000000000
   0.000014670092168   0.000205036177277
   0.020672244555718   0.000265678505544
   0.020672244555716   0.020672244555720
   0.000516857633885   0.000620505287581


corrida =

    13


Solutions =

  Columns 1 through 4

   0.000000781108277   0.000496054374759   0.000223614929348   0.000207650562404
   0.027477712359343   0.000206265719976   0.000257418220101   0.000317561864165
   0.000000000000000   0.000221616397170   0.000633884361725   0.000205036177277
   0.020672721290642   0.000285809000730   0.000205036177278   0.000245958572215
   0.000075994492559   0.000000000000000   0.000543157934418   0.000380227677727
   0.000000000000000   0.000231293294954   0.025700382304998   0.000633626231091
   0.027456860071567   0.000000573740662   0.000305783004983   0.000089715873271
   0.000001484236341   0.026041321692453   0.020858999787099   0.000205036177278
   0.000002772942490   0.000205036409727   0.000456256450102   0.000532021622896
   0.000635391171320   0.000205338420058   0.000205134327727                   0
   0.001332187080352   0.000205036177532   0.000111340268858   0.000205214532418
   0.000907021070541   0.000205037765743   0.000301675834748   0.000000493461963
   0.000000000000000   0.000000229723644   0.003634265263094   0.000205036177277

  Columns 5 through 6

   0.000205036177277   0.000636450812614
   0.000000000000000   0.000000000000000
   0.000489615498124   0.000283329113873
   0.000205036177276   0.000205036177292
   0.000255832129820   0.000480909659037
   0.000130041968338   0.000000234033271
   0.000208294771828   0.000313415492733
   0.000378117038309   0.000000000000000
   0.000014670092168   0.000205036177277
   0.020672244555718   0.000265678505544
   0.020672244555716   0.020672244555720
   0.000516857633885   0.000620505287581
   0.000342770855951   0.000625277530811


corrida =

    14


Solutions =

  Columns 1 through 4

   0.000000781108277   0.000496054374759   0.000223614929348   0.000207650562404
   0.027477712359343   0.000206265719976   0.000257418220101   0.000317561864165
   0.000000000000000   0.000221616397170   0.000633884361725   0.000205036177277
   0.020672721290642   0.000285809000730   0.000205036177278   0.000245958572215
   0.000075994492559   0.000000000000000   0.000543157934418   0.000380227677727
   0.000000000000000   0.000231293294954   0.025700382304998   0.000633626231091
   0.027456860071567   0.000000573740662   0.000305783004983   0.000089715873271
   0.000001484236341   0.026041321692453   0.020858999787099   0.000205036177278
   0.000002772942490   0.000205036409727   0.000456256450102   0.000532021622896
   0.000635391171320   0.000205338420058   0.000205134327727                   0
   0.001332187080352   0.000205036177532   0.000111340268858   0.000205214532418
   0.000907021070541   0.000205037765743   0.000301675834748   0.000000493461963
   0.000000000000000   0.000000229723644   0.003634265263094   0.000205036177277
   0.000000000000001   0.000205036190305   0.000254781218586   0.000205064684125

  Columns 5 through 6

   0.000205036177277   0.000636450812614
   0.000000000000000   0.000000000000000
   0.000489615498124   0.000283329113873
   0.000205036177276   0.000205036177292
   0.000255832129820   0.000480909659037
   0.000130041968338   0.000000234033271
   0.000208294771828   0.000313415492733
   0.000378117038309   0.000000000000000
   0.000014670092168   0.000205036177277
   0.020672244555718   0.000265678505544
   0.020672244555716   0.020672244555720
   0.000516857633885   0.000620505287581
   0.000342770855951   0.000625277530811
   0.000474792130994   0.000205036177278


corrida =

    15


Solutions =

  Columns 1 through 4

   0.000000781108277   0.000496054374759   0.000223614929348   0.000207650562404
   0.027477712359343   0.000206265719976   0.000257418220101   0.000317561864165
   0.000000000000000   0.000221616397170   0.000633884361725   0.000205036177277
   0.020672721290642   0.000285809000730   0.000205036177278   0.000245958572215
   0.000075994492559   0.000000000000000   0.000543157934418   0.000380227677727
   0.000000000000000   0.000231293294954   0.025700382304998   0.000633626231091
   0.027456860071567   0.000000573740662   0.000305783004983   0.000089715873271
   0.000001484236341   0.026041321692453   0.020858999787099   0.000205036177278
   0.000002772942490   0.000205036409727   0.000456256450102   0.000532021622896
   0.000635391171320   0.000205338420058   0.000205134327727                   0
   0.001332187080352   0.000205036177532   0.000111340268858   0.000205214532418
   0.000907021070541   0.000205037765743   0.000301675834748   0.000000493461963
   0.000000000000000   0.000000229723644   0.003634265263094   0.000205036177277
   0.000000000000001   0.000205036190305   0.000254781218586   0.000205064684125
   0.000168260959210   0.000343059849794   0.000570739487004   0.000223747723848

  Columns 5 through 6

   0.000205036177277   0.000636450812614
   0.000000000000000   0.000000000000000
   0.000489615498124   0.000283329113873
   0.000205036177276   0.000205036177292
   0.000255832129820   0.000480909659037
   0.000130041968338   0.000000234033271
   0.000208294771828   0.000313415492733
   0.000378117038309   0.000000000000000
   0.000014670092168   0.000205036177277
   0.020672244555718   0.000265678505544
   0.020672244555716   0.020672244555720
   0.000516857633885   0.000620505287581
   0.000342770855951   0.000625277530811
   0.000474792130994   0.000205036177278
   0.000015716907258   0.000627106574747


corrida =

    16


Solutions =

  Columns 1 through 4

   0.000000781108277   0.000496054374759   0.000223614929348   0.000207650562404
   0.027477712359343   0.000206265719976   0.000257418220101   0.000317561864165
   0.000000000000000   0.000221616397170   0.000633884361725   0.000205036177277
   0.020672721290642   0.000285809000730   0.000205036177278   0.000245958572215
   0.000075994492559   0.000000000000000   0.000543157934418   0.000380227677727
   0.000000000000000   0.000231293294954   0.025700382304998   0.000633626231091
   0.027456860071567   0.000000573740662   0.000305783004983   0.000089715873271
   0.000001484236341   0.026041321692453   0.020858999787099   0.000205036177278
   0.000002772942490   0.000205036409727   0.000456256450102   0.000532021622896
   0.000635391171320   0.000205338420058   0.000205134327727                   0
   0.001332187080352   0.000205036177532   0.000111340268858   0.000205214532418
   0.000907021070541   0.000205037765743   0.000301675834748   0.000000493461963
   0.000000000000000   0.000000229723644   0.003634265263094   0.000205036177277
   0.000000000000001   0.000205036190305   0.000254781218586   0.000205064684125
   0.000168260959210   0.000343059849794   0.000570739487004   0.000223747723848
   0.000000000006273   0.000636626552366   0.000011711342523   0.000205037529701

  Columns 5 through 6

   0.000205036177277   0.000636450812614
   0.000000000000000   0.000000000000000
   0.000489615498124   0.000283329113873
   0.000205036177276   0.000205036177292
   0.000255832129820   0.000480909659037
   0.000130041968338   0.000000234033271
   0.000208294771828   0.000313415492733
   0.000378117038309   0.000000000000000
   0.000014670092168   0.000205036177277
   0.020672244555718   0.000265678505544
   0.020672244555716   0.020672244555720
   0.000516857633885   0.000620505287581
   0.000342770855951   0.000625277530811
   0.000474792130994   0.000205036177278
   0.000015716907258   0.000627106574747
   0.000000000000000   0.000000000000000


corrida =

    17


Solutions =

  Columns 1 through 4

   0.000000781108277   0.000496054374759   0.000223614929348   0.000207650562404
   0.027477712359343   0.000206265719976   0.000257418220101   0.000317561864165
   0.000000000000000   0.000221616397170   0.000633884361725   0.000205036177277
   0.020672721290642   0.000285809000730   0.000205036177278   0.000245958572215
   0.000075994492559   0.000000000000000   0.000543157934418   0.000380227677727
   0.000000000000000   0.000231293294954   0.025700382304998   0.000633626231091
   0.027456860071567   0.000000573740662   0.000305783004983   0.000089715873271
   0.000001484236341   0.026041321692453   0.020858999787099   0.000205036177278
   0.000002772942490   0.000205036409727   0.000456256450102   0.000532021622896
   0.000635391171320   0.000205338420058   0.000205134327727                   0
   0.001332187080352   0.000205036177532   0.000111340268858   0.000205214532418
   0.000907021070541   0.000205037765743   0.000301675834748   0.000000493461963
   0.000000000000000   0.000000229723644   0.003634265263094   0.000205036177277
   0.000000000000001   0.000205036190305   0.000254781218586   0.000205064684125
   0.000168260959210   0.000343059849794   0.000570739487004   0.000223747723848
   0.000000000006273   0.000636626552366   0.000011711342523   0.000205037529701
   0.000878645643459   0.000363730989598   0.000205036177277   0.000000000000000

  Columns 5 through 6

   0.000205036177277   0.000636450812614
   0.000000000000000   0.000000000000000
   0.000489615498124   0.000283329113873
   0.000205036177276   0.000205036177292
   0.000255832129820   0.000480909659037
   0.000130041968338   0.000000234033271
   0.000208294771828   0.000313415492733
   0.000378117038309   0.000000000000000
   0.000014670092168   0.000205036177277
   0.020672244555718   0.000265678505544
   0.020672244555716   0.020672244555720
   0.000516857633885   0.000620505287581
   0.000342770855951   0.000625277530811
   0.000474792130994   0.000205036177278
   0.000015716907258   0.000627106574747
   0.000000000000000   0.000000000000000
   0.000205036178563   0.000332889896843


corrida =

    18


Solutions =

  Columns 1 through 4

   0.000000781108277   0.000496054374759   0.000223614929348   0.000207650562404
   0.027477712359343   0.000206265719976   0.000257418220101   0.000317561864165
   0.000000000000000   0.000221616397170   0.000633884361725   0.000205036177277
   0.020672721290642   0.000285809000730   0.000205036177278   0.000245958572215
   0.000075994492559   0.000000000000000   0.000543157934418   0.000380227677727
   0.000000000000000   0.000231293294954   0.025700382304998   0.000633626231091
   0.027456860071567   0.000000573740662   0.000305783004983   0.000089715873271
   0.000001484236341   0.026041321692453   0.020858999787099   0.000205036177278
   0.000002772942490   0.000205036409727   0.000456256450102   0.000532021622896
   0.000635391171320   0.000205338420058   0.000205134327727                   0
   0.001332187080352   0.000205036177532   0.000111340268858   0.000205214532418
   0.000907021070541   0.000205037765743   0.000301675834748   0.000000493461963
   0.000000000000000   0.000000229723644   0.003634265263094   0.000205036177277
   0.000000000000001   0.000205036190305   0.000254781218586   0.000205064684125
   0.000168260959210   0.000343059849794   0.000570739487004   0.000223747723848
   0.000000000006273   0.000636626552366   0.000011711342523   0.000205037529701
   0.000878645643459   0.000363730989598   0.000205036177277   0.000000000000000
   0.000781736992464   0.000585395344975   0.000205036177276   0.000000356431626

  Columns 5 through 6

   0.000205036177277   0.000636450812614
   0.000000000000000   0.000000000000000
   0.000489615498124   0.000283329113873
   0.000205036177276   0.000205036177292
   0.000255832129820   0.000480909659037
   0.000130041968338   0.000000234033271
   0.000208294771828   0.000313415492733
   0.000378117038309   0.000000000000000
   0.000014670092168   0.000205036177277
   0.020672244555718   0.000265678505544
   0.020672244555716   0.020672244555720
   0.000516857633885   0.000620505287581
   0.000342770855951   0.000625277530811
   0.000474792130994   0.000205036177278
   0.000015716907258   0.000627106574747
   0.000000000000000   0.000000000000000
   0.000205036178563   0.000332889896843
   0.000244140117427   0.000015284679010


corrida =

    19


Solutions =

  Columns 1 through 4

   0.000000781108277   0.000496054374759   0.000223614929348   0.000207650562404
   0.027477712359343   0.000206265719976   0.000257418220101   0.000317561864165
   0.000000000000000   0.000221616397170   0.000633884361725   0.000205036177277
   0.020672721290642   0.000285809000730   0.000205036177278   0.000245958572215
   0.000075994492559   0.000000000000000   0.000543157934418   0.000380227677727
   0.000000000000000   0.000231293294954   0.025700382304998   0.000633626231091
   0.027456860071567   0.000000573740662   0.000305783004983   0.000089715873271
   0.000001484236341   0.026041321692453   0.020858999787099   0.000205036177278
   0.000002772942490   0.000205036409727   0.000456256450102   0.000532021622896
   0.000635391171320   0.000205338420058   0.000205134327727                   0
   0.001332187080352   0.000205036177532   0.000111340268858   0.000205214532418
   0.000907021070541   0.000205037765743   0.000301675834748   0.000000493461963
   0.000000000000000   0.000000229723644   0.003634265263094   0.000205036177277
   0.000000000000001   0.000205036190305   0.000254781218586   0.000205064684125
   0.000168260959210   0.000343059849794   0.000570739487004   0.000223747723848
   0.000000000006273   0.000636626552366   0.000011711342523   0.000205037529701
   0.000878645643459   0.000363730989598   0.000205036177277   0.000000000000000
   0.000781736992464   0.000585395344975   0.000205036177276   0.000000356431626
   0.000007670734857   0.000000590083045   0.000247766939086   0.000224956679062

  Columns 5 through 6

   0.000205036177277   0.000636450812614
   0.000000000000000   0.000000000000000
   0.000489615498124   0.000283329113873
   0.000205036177276   0.000205036177292
   0.000255832129820   0.000480909659037
   0.000130041968338   0.000000234033271
   0.000208294771828   0.000313415492733
   0.000378117038309   0.000000000000000
   0.000014670092168   0.000205036177277
   0.020672244555718   0.000265678505544
   0.020672244555716   0.020672244555720
   0.000516857633885   0.000620505287581
   0.000342770855951   0.000625277530811
   0.000474792130994   0.000205036177278
   0.000015716907258   0.000627106574747
   0.000000000000000   0.000000000000000
   0.000205036178563   0.000332889896843
   0.000244140117427   0.000015284679010
   0.000418784931321   0.000000217182784


corrida =

    20


Solutions =

  Columns 1 through 4

   0.000000781108277   0.000496054374759   0.000223614929348   0.000207650562404
   0.027477712359343   0.000206265719976   0.000257418220101   0.000317561864165
   0.000000000000000   0.000221616397170   0.000633884361725   0.000205036177277
   0.020672721290642   0.000285809000730   0.000205036177278   0.000245958572215
   0.000075994492559   0.000000000000000   0.000543157934418   0.000380227677727
   0.000000000000000   0.000231293294954   0.025700382304998   0.000633626231091
   0.027456860071567   0.000000573740662   0.000305783004983   0.000089715873271
   0.000001484236341   0.026041321692453   0.020858999787099   0.000205036177278
   0.000002772942490   0.000205036409727   0.000456256450102   0.000532021622896
   0.000635391171320   0.000205338420058   0.000205134327727                   0
   0.001332187080352   0.000205036177532   0.000111340268858   0.000205214532418
   0.000907021070541   0.000205037765743   0.000301675834748   0.000000493461963
   0.000000000000000   0.000000229723644   0.003634265263094   0.000205036177277
   0.000000000000001   0.000205036190305   0.000254781218586   0.000205064684125
   0.000168260959210   0.000343059849794   0.000570739487004   0.000223747723848
   0.000000000006273   0.000636626552366   0.000011711342523   0.000205037529701
   0.000878645643459   0.000363730989598   0.000205036177277   0.000000000000000
   0.000781736992464   0.000585395344975   0.000205036177276   0.000000356431626
   0.000007670734857   0.000000590083045   0.000247766939086   0.000224956679062
   0.000981515357773   0.001143116123372   0.000271399318394   0.000536539545073

  Columns 5 through 6

   0.000205036177277   0.000636450812614
   0.000000000000000   0.000000000000000
   0.000489615498124   0.000283329113873
   0.000205036177276   0.000205036177292
   0.000255832129820   0.000480909659037
   0.000130041968338   0.000000234033271
   0.000208294771828   0.000313415492733
   0.000378117038309   0.000000000000000
   0.000014670092168   0.000205036177277
   0.020672244555718   0.000265678505544
   0.020672244555716   0.020672244555720
   0.000516857633885   0.000620505287581
   0.000342770855951   0.000625277530811
   0.000474792130994   0.000205036177278
   0.000015716907258   0.000627106574747
   0.000000000000000   0.000000000000000
   0.000205036178563   0.000332889896843
   0.000244140117427   0.000015284679010
   0.000418784931321   0.000000217182784
   0.000000000000000   0.000000221896103


corrida =

    21


Solutions =

  Columns 1 through 4

   0.000000781108277   0.000496054374759   0.000223614929348   0.000207650562404
   0.027477712359343   0.000206265719976   0.000257418220101   0.000317561864165
   0.000000000000000   0.000221616397170   0.000633884361725   0.000205036177277
   0.020672721290642   0.000285809000730   0.000205036177278   0.000245958572215
   0.000075994492559   0.000000000000000   0.000543157934418   0.000380227677727
   0.000000000000000   0.000231293294954   0.025700382304998   0.000633626231091
   0.027456860071567   0.000000573740662   0.000305783004983   0.000089715873271
   0.000001484236341   0.026041321692453   0.020858999787099   0.000205036177278
   0.000002772942490   0.000205036409727   0.000456256450102   0.000532021622896
   0.000635391171320   0.000205338420058   0.000205134327727                   0
   0.001332187080352   0.000205036177532   0.000111340268858   0.000205214532418
   0.000907021070541   0.000205037765743   0.000301675834748   0.000000493461963
   0.000000000000000   0.000000229723644   0.003634265263094   0.000205036177277
   0.000000000000001   0.000205036190305   0.000254781218586   0.000205064684125
   0.000168260959210   0.000343059849794   0.000570739487004   0.000223747723848
   0.000000000006273   0.000636626552366   0.000011711342523   0.000205037529701
   0.000878645643459   0.000363730989598   0.000205036177277   0.000000000000000
   0.000781736992464   0.000585395344975   0.000205036177276   0.000000356431626
   0.000007670734857   0.000000590083045   0.000247766939086   0.000224956679062
   0.000981515357773   0.001143116123372   0.000271399318394   0.000536539545073
   0.000661064368975   0.000614213420349   0.002844405571898   0.000205036177278

  Columns 5 through 6

   0.000205036177277   0.000636450812614
   0.000000000000000   0.000000000000000
   0.000489615498124   0.000283329113873
   0.000205036177276   0.000205036177292
   0.000255832129820   0.000480909659037
   0.000130041968338   0.000000234033271
   0.000208294771828   0.000313415492733
   0.000378117038309   0.000000000000000
   0.000014670092168   0.000205036177277
   0.020672244555718   0.000265678505544
   0.020672244555716   0.020672244555720
   0.000516857633885   0.000620505287581
   0.000342770855951   0.000625277530811
   0.000474792130994   0.000205036177278
   0.000015716907258   0.000627106574747
   0.000000000000000   0.000000000000000
   0.000205036178563   0.000332889896843
   0.000244140117427   0.000015284679010
   0.000418784931321   0.000000217182784
   0.000000000000000   0.000000221896103
   0.000330779471075   0.000633181810554


corrida =

    22


Solutions =

  Columns 1 through 4

   0.000000781108277   0.000496054374759   0.000223614929348   0.000207650562404
   0.027477712359343   0.000206265719976   0.000257418220101   0.000317561864165
   0.000000000000000   0.000221616397170   0.000633884361725   0.000205036177277
   0.020672721290642   0.000285809000730   0.000205036177278   0.000245958572215
   0.000075994492559   0.000000000000000   0.000543157934418   0.000380227677727
   0.000000000000000   0.000231293294954   0.025700382304998   0.000633626231091
   0.027456860071567   0.000000573740662   0.000305783004983   0.000089715873271
   0.000001484236341   0.026041321692453   0.020858999787099   0.000205036177278
   0.000002772942490   0.000205036409727   0.000456256450102   0.000532021622896
   0.000635391171320   0.000205338420058   0.000205134327727                   0
   0.001332187080352   0.000205036177532   0.000111340268858   0.000205214532418
   0.000907021070541   0.000205037765743   0.000301675834748   0.000000493461963
   0.000000000000000   0.000000229723644   0.003634265263094   0.000205036177277
   0.000000000000001   0.000205036190305   0.000254781218586   0.000205064684125
   0.000168260959210   0.000343059849794   0.000570739487004   0.000223747723848
   0.000000000006273   0.000636626552366   0.000011711342523   0.000205037529701
   0.000878645643459   0.000363730989598   0.000205036177277   0.000000000000000
   0.000781736992464   0.000585395344975   0.000205036177276   0.000000356431626
   0.000007670734857   0.000000590083045   0.000247766939086   0.000224956679062
   0.000981515357773   0.001143116123372   0.000271399318394   0.000536539545073
   0.000661064368975   0.000614213420349   0.002844405571898   0.000205036177278
   0.000516800789862   0.020672244555724   0.000205129513810   0.025685145370248

  Columns 5 through 6

   0.000205036177277   0.000636450812614
   0.000000000000000   0.000000000000000
   0.000489615498124   0.000283329113873
   0.000205036177276   0.000205036177292
   0.000255832129820   0.000480909659037
   0.000130041968338   0.000000234033271
   0.000208294771828   0.000313415492733
   0.000378117038309   0.000000000000000
   0.000014670092168   0.000205036177277
   0.020672244555718   0.000265678505544
   0.020672244555716   0.020672244555720
   0.000516857633885   0.000620505287581
   0.000342770855951   0.000625277530811
   0.000474792130994   0.000205036177278
   0.000015716907258   0.000627106574747
   0.000000000000000   0.000000000000000
   0.000205036178563   0.000332889896843
   0.000244140117427   0.000015284679010
   0.000418784931321   0.000000217182784
   0.000000000000000   0.000000221896103
   0.000330779471075   0.000633181810554
   0.000228130712585   0.025749225925351


corrida =

    23


Solutions =

  Columns 1 through 4

   0.000000781108277   0.000496054374759   0.000223614929348   0.000207650562404
   0.027477712359343   0.000206265719976   0.000257418220101   0.000317561864165
   0.000000000000000   0.000221616397170   0.000633884361725   0.000205036177277
   0.020672721290642   0.000285809000730   0.000205036177278   0.000245958572215
   0.000075994492559   0.000000000000000   0.000543157934418   0.000380227677727
   0.000000000000000   0.000231293294954   0.025700382304998   0.000633626231091
   0.027456860071567   0.000000573740662   0.000305783004983   0.000089715873271
   0.000001484236341   0.026041321692453   0.020858999787099   0.000205036177278
   0.000002772942490   0.000205036409727   0.000456256450102   0.000532021622896
   0.000635391171320   0.000205338420058   0.000205134327727                   0
   0.001332187080352   0.000205036177532   0.000111340268858   0.000205214532418
   0.000907021070541   0.000205037765743   0.000301675834748   0.000000493461963
   0.000000000000000   0.000000229723644   0.003634265263094   0.000205036177277
   0.000000000000001   0.000205036190305   0.000254781218586   0.000205064684125
   0.000168260959210   0.000343059849794   0.000570739487004   0.000223747723848
   0.000000000006273   0.000636626552366   0.000011711342523   0.000205037529701
   0.000878645643459   0.000363730989598   0.000205036177277   0.000000000000000
   0.000781736992464   0.000585395344975   0.000205036177276   0.000000356431626
   0.000007670734857   0.000000590083045   0.000247766939086   0.000224956679062
   0.000981515357773   0.001143116123372   0.000271399318394   0.000536539545073
   0.000661064368975   0.000614213420349   0.002844405571898   0.000205036177278
   0.000516800789862   0.020672244555724   0.000205129513810   0.025685145370248
   0.000000000000000   0.000250500766629   0.000000531513186   0.000205036177277

  Columns 5 through 6

   0.000205036177277   0.000636450812614
   0.000000000000000   0.000000000000000
   0.000489615498124   0.000283329113873
   0.000205036177276   0.000205036177292
   0.000255832129820   0.000480909659037
   0.000130041968338   0.000000234033271
   0.000208294771828   0.000313415492733
   0.000378117038309   0.000000000000000
   0.000014670092168   0.000205036177277
   0.020672244555718   0.000265678505544
   0.020672244555716   0.020672244555720
   0.000516857633885   0.000620505287581
   0.000342770855951   0.000625277530811
   0.000474792130994   0.000205036177278
   0.000015716907258   0.000627106574747
   0.000000000000000   0.000000000000000
   0.000205036178563   0.000332889896843
   0.000244140117427   0.000015284679010
   0.000418784931321   0.000000217182784
   0.000000000000000   0.000000221896103
   0.000330779471075   0.000633181810554
   0.000228130712585   0.025749225925351
   0.020921358204526   0.000216808397964


corrida =

    24


Solutions =

  Columns 1 through 4

   0.000000781108277   0.000496054374759   0.000223614929348   0.000207650562404
   0.027477712359343   0.000206265719976   0.000257418220101   0.000317561864165
   0.000000000000000   0.000221616397170   0.000633884361725   0.000205036177277
   0.020672721290642   0.000285809000730   0.000205036177278   0.000245958572215
   0.000075994492559   0.000000000000000   0.000543157934418   0.000380227677727
   0.000000000000000   0.000231293294954   0.025700382304998   0.000633626231091
   0.027456860071567   0.000000573740662   0.000305783004983   0.000089715873271
   0.000001484236341   0.026041321692453   0.020858999787099   0.000205036177278
   0.000002772942490   0.000205036409727   0.000456256450102   0.000532021622896
   0.000635391171320   0.000205338420058   0.000205134327727                   0
   0.001332187080352   0.000205036177532   0.000111340268858   0.000205214532418
   0.000907021070541   0.000205037765743   0.000301675834748   0.000000493461963
   0.000000000000000   0.000000229723644   0.003634265263094   0.000205036177277
   0.000000000000001   0.000205036190305   0.000254781218586   0.000205064684125
   0.000168260959210   0.000343059849794   0.000570739487004   0.000223747723848
   0.000000000006273   0.000636626552366   0.000011711342523   0.000205037529701
   0.000878645643459   0.000363730989598   0.000205036177277   0.000000000000000
   0.000781736992464   0.000585395344975   0.000205036177276   0.000000356431626
   0.000007670734857   0.000000590083045   0.000247766939086   0.000224956679062
   0.000981515357773   0.001143116123372   0.000271399318394   0.000536539545073
   0.000661064368975   0.000614213420349   0.002844405571898   0.000205036177278
   0.000516800789862   0.020672244555724   0.000205129513810   0.025685145370248
   0.000000000000000   0.000250500766629   0.000000531513186   0.000205036177277
   0.000723988129193   0.000205036179553   0.000212884362402   0.000218704608543

  Columns 5 through 6

   0.000205036177277   0.000636450812614
   0.000000000000000   0.000000000000000
   0.000489615498124   0.000283329113873
   0.000205036177276   0.000205036177292
   0.000255832129820   0.000480909659037
   0.000130041968338   0.000000234033271
   0.000208294771828   0.000313415492733
   0.000378117038309   0.000000000000000
   0.000014670092168   0.000205036177277
   0.020672244555718   0.000265678505544
   0.020672244555716   0.020672244555720
   0.000516857633885   0.000620505287581
   0.000342770855951   0.000625277530811
   0.000474792130994   0.000205036177278
   0.000015716907258   0.000627106574747
   0.000000000000000   0.000000000000000
   0.000205036178563   0.000332889896843
   0.000244140117427   0.000015284679010
   0.000418784931321   0.000000217182784
   0.000000000000000   0.000000221896103
   0.000330779471075   0.000633181810554
   0.000228130712585   0.025749225925351
   0.020921358204526   0.000216808397964
   0.022528017167994   0.000000000000000


corrida =

    25


Solutions =

  Columns 1 through 4

   0.000000781108277   0.000496054374759   0.000223614929348   0.000207650562404
   0.027477712359343   0.000206265719976   0.000257418220101   0.000317561864165
   0.000000000000000   0.000221616397170   0.000633884361725   0.000205036177277
   0.020672721290642   0.000285809000730   0.000205036177278   0.000245958572215
   0.000075994492559   0.000000000000000   0.000543157934418   0.000380227677727
   0.000000000000000   0.000231293294954   0.025700382304998   0.000633626231091
   0.027456860071567   0.000000573740662   0.000305783004983   0.000089715873271
   0.000001484236341   0.026041321692453   0.020858999787099   0.000205036177278
   0.000002772942490   0.000205036409727   0.000456256450102   0.000532021622896
   0.000635391171320   0.000205338420058   0.000205134327727                   0
   0.001332187080352   0.000205036177532   0.000111340268858   0.000205214532418
   0.000907021070541   0.000205037765743   0.000301675834748   0.000000493461963
   0.000000000000000   0.000000229723644   0.003634265263094   0.000205036177277
   0.000000000000001   0.000205036190305   0.000254781218586   0.000205064684125
   0.000168260959210   0.000343059849794   0.000570739487004   0.000223747723848
   0.000000000006273   0.000636626552366   0.000011711342523   0.000205037529701
   0.000878645643459   0.000363730989598   0.000205036177277   0.000000000000000
   0.000781736992464   0.000585395344975   0.000205036177276   0.000000356431626
   0.000007670734857   0.000000590083045   0.000247766939086   0.000224956679062
   0.000981515357773   0.001143116123372   0.000271399318394   0.000536539545073
   0.000661064368975   0.000614213420349   0.002844405571898   0.000205036177278
   0.000516800789862   0.020672244555724   0.000205129513810   0.025685145370248
   0.000000000000000   0.000250500766629   0.000000531513186   0.000205036177277
   0.000723988129193   0.000205036179553   0.000212884362402   0.000218704608543
   0.000000303843062   0.000633855363309   0.020672244555721   0.000274098110000

  Columns 5 through 6

   0.000205036177277   0.000636450812614
   0.000000000000000   0.000000000000000
   0.000489615498124   0.000283329113873
   0.000205036177276   0.000205036177292
   0.000255832129820   0.000480909659037
   0.000130041968338   0.000000234033271
   0.000208294771828   0.000313415492733
   0.000378117038309   0.000000000000000
   0.000014670092168   0.000205036177277
   0.020672244555718   0.000265678505544
   0.020672244555716   0.020672244555720
   0.000516857633885   0.000620505287581
   0.000342770855951   0.000625277530811
   0.000474792130994   0.000205036177278
   0.000015716907258   0.000627106574747
   0.000000000000000   0.000000000000000
   0.000205036178563   0.000332889896843
   0.000244140117427   0.000015284679010
   0.000418784931321   0.000000217182784
   0.000000000000000   0.000000221896103
   0.000330779471075   0.000633181810554
   0.000228130712585   0.025749225925351
   0.020921358204526   0.000216808397964
   0.022528017167994   0.000000000000000
   0.000205036177277   0.000000000000000


corrida =

    26


Solutions =

  Columns 1 through 4

   0.000000781108277   0.000496054374759   0.000223614929348   0.000207650562404
   0.027477712359343   0.000206265719976   0.000257418220101   0.000317561864165
   0.000000000000000   0.000221616397170   0.000633884361725   0.000205036177277
   0.020672721290642   0.000285809000730   0.000205036177278   0.000245958572215
   0.000075994492559   0.000000000000000   0.000543157934418   0.000380227677727
   0.000000000000000   0.000231293294954   0.025700382304998   0.000633626231091
   0.027456860071567   0.000000573740662   0.000305783004983   0.000089715873271
   0.000001484236341   0.026041321692453   0.020858999787099   0.000205036177278
   0.000002772942490   0.000205036409727   0.000456256450102   0.000532021622896
   0.000635391171320   0.000205338420058   0.000205134327727                   0
   0.001332187080352   0.000205036177532   0.000111340268858   0.000205214532418
   0.000907021070541   0.000205037765743   0.000301675834748   0.000000493461963
   0.000000000000000   0.000000229723644   0.003634265263094   0.000205036177277
   0.000000000000001   0.000205036190305   0.000254781218586   0.000205064684125
   0.000168260959210   0.000343059849794   0.000570739487004   0.000223747723848
   0.000000000006273   0.000636626552366   0.000011711342523   0.000205037529701
   0.000878645643459   0.000363730989598   0.000205036177277   0.000000000000000
   0.000781736992464   0.000585395344975   0.000205036177276   0.000000356431626
   0.000007670734857   0.000000590083045   0.000247766939086   0.000224956679062
   0.000981515357773   0.001143116123372   0.000271399318394   0.000536539545073
   0.000661064368975   0.000614213420349   0.002844405571898   0.000205036177278
   0.000516800789862   0.020672244555724   0.000205129513810   0.025685145370248
   0.000000000000000   0.000250500766629   0.000000531513186   0.000205036177277
   0.000723988129193   0.000205036179553   0.000212884362402   0.000218704608543
   0.000000303843062   0.000633855363309   0.020672244555721   0.000274098110000
   0.000864781054747   0.000205036188500   0.000253770133323   0.000205036177278

  Columns 5 through 6

   0.000205036177277   0.000636450812614
   0.000000000000000   0.000000000000000
   0.000489615498124   0.000283329113873
   0.000205036177276   0.000205036177292
   0.000255832129820   0.000480909659037
   0.000130041968338   0.000000234033271
   0.000208294771828   0.000313415492733
   0.000378117038309   0.000000000000000
   0.000014670092168   0.000205036177277
   0.020672244555718   0.000265678505544
   0.020672244555716   0.020672244555720
   0.000516857633885   0.000620505287581
   0.000342770855951   0.000625277530811
   0.000474792130994   0.000205036177278
   0.000015716907258   0.000627106574747
   0.000000000000000   0.000000000000000
   0.000205036178563   0.000332889896843
   0.000244140117427   0.000015284679010
   0.000418784931321   0.000000217182784
   0.000000000000000   0.000000221896103
   0.000330779471075   0.000633181810554
   0.000228130712585   0.025749225925351
   0.020921358204526   0.000216808397964
   0.022528017167994   0.000000000000000
   0.000205036177277   0.000000000000000
   0.000205036177276   0.000421520721447


corrida =

    27


Solutions =

  Columns 1 through 4

   0.000000781108277   0.000496054374759   0.000223614929348   0.000207650562404
   0.027477712359343   0.000206265719976   0.000257418220101   0.000317561864165
   0.000000000000000   0.000221616397170   0.000633884361725   0.000205036177277
   0.020672721290642   0.000285809000730   0.000205036177278   0.000245958572215
   0.000075994492559   0.000000000000000   0.000543157934418   0.000380227677727
   0.000000000000000   0.000231293294954   0.025700382304998   0.000633626231091
   0.027456860071567   0.000000573740662   0.000305783004983   0.000089715873271
   0.000001484236341   0.026041321692453   0.020858999787099   0.000205036177278
   0.000002772942490   0.000205036409727   0.000456256450102   0.000532021622896
   0.000635391171320   0.000205338420058   0.000205134327727                   0
   0.001332187080352   0.000205036177532   0.000111340268858   0.000205214532418
   0.000907021070541   0.000205037765743   0.000301675834748   0.000000493461963
   0.000000000000000   0.000000229723644   0.003634265263094   0.000205036177277
   0.000000000000001   0.000205036190305   0.000254781218586   0.000205064684125
   0.000168260959210   0.000343059849794   0.000570739487004   0.000223747723848
   0.000000000006273   0.000636626552366   0.000011711342523   0.000205037529701
   0.000878645643459   0.000363730989598   0.000205036177277   0.000000000000000
   0.000781736992464   0.000585395344975   0.000205036177276   0.000000356431626
   0.000007670734857   0.000000590083045   0.000247766939086   0.000224956679062
   0.000981515357773   0.001143116123372   0.000271399318394   0.000536539545073
   0.000661064368975   0.000614213420349   0.002844405571898   0.000205036177278
   0.000516800789862   0.020672244555724   0.000205129513810   0.025685145370248
   0.000000000000000   0.000250500766629   0.000000531513186   0.000205036177277
   0.000723988129193   0.000205036179553   0.000212884362402   0.000218704608543
   0.000000303843062   0.000633855363309   0.020672244555721   0.000274098110000
   0.000864781054747   0.000205036188500   0.000253770133323   0.000205036177278
   0.000004958848141   0.000493333616935   0.000208807420960   0.000626236576094

  Columns 5 through 6

   0.000205036177277   0.000636450812614
   0.000000000000000   0.000000000000000
   0.000489615498124   0.000283329113873
   0.000205036177276   0.000205036177292
   0.000255832129820   0.000480909659037
   0.000130041968338   0.000000234033271
   0.000208294771828   0.000313415492733
   0.000378117038309   0.000000000000000
   0.000014670092168   0.000205036177277
   0.020672244555718   0.000265678505544
   0.020672244555716   0.020672244555720
   0.000516857633885   0.000620505287581
   0.000342770855951   0.000625277530811
   0.000474792130994   0.000205036177278
   0.000015716907258   0.000627106574747
   0.000000000000000   0.000000000000000
   0.000205036178563   0.000332889896843
   0.000244140117427   0.000015284679010
   0.000418784931321   0.000000217182784
   0.000000000000000   0.000000221896103
   0.000330779471075   0.000633181810554
   0.000228130712585   0.025749225925351
   0.020921358204526   0.000216808397964
   0.022528017167994   0.000000000000000
   0.000205036177277   0.000000000000000
   0.000205036177276   0.000421520721447
   0.000495279879745   0.000227053125801


corrida =

    28


Solutions =

  Columns 1 through 4

   0.000000781108277   0.000496054374759   0.000223614929348   0.000207650562404
   0.027477712359343   0.000206265719976   0.000257418220101   0.000317561864165
   0.000000000000000   0.000221616397170   0.000633884361725   0.000205036177277
   0.020672721290642   0.000285809000730   0.000205036177278   0.000245958572215
   0.000075994492559   0.000000000000000   0.000543157934418   0.000380227677727
   0.000000000000000   0.000231293294954   0.025700382304998   0.000633626231091
   0.027456860071567   0.000000573740662   0.000305783004983   0.000089715873271
   0.000001484236341   0.026041321692453   0.020858999787099   0.000205036177278
   0.000002772942490   0.000205036409727   0.000456256450102   0.000532021622896
   0.000635391171320   0.000205338420058   0.000205134327727                   0
   0.001332187080352   0.000205036177532   0.000111340268858   0.000205214532418
   0.000907021070541   0.000205037765743   0.000301675834748   0.000000493461963
   0.000000000000000   0.000000229723644   0.003634265263094   0.000205036177277
   0.000000000000001   0.000205036190305   0.000254781218586   0.000205064684125
   0.000168260959210   0.000343059849794   0.000570739487004   0.000223747723848
   0.000000000006273   0.000636626552366   0.000011711342523   0.000205037529701
   0.000878645643459   0.000363730989598   0.000205036177277   0.000000000000000
   0.000781736992464   0.000585395344975   0.000205036177276   0.000000356431626
   0.000007670734857   0.000000590083045   0.000247766939086   0.000224956679062
   0.000981515357773   0.001143116123372   0.000271399318394   0.000536539545073
   0.000661064368975   0.000614213420349   0.002844405571898   0.000205036177278
   0.000516800789862   0.020672244555724   0.000205129513810   0.025685145370248
   0.000000000000000   0.000250500766629   0.000000531513186   0.000205036177277
   0.000723988129193   0.000205036179553   0.000212884362402   0.000218704608543
   0.000000303843062   0.000633855363309   0.020672244555721   0.000274098110000
   0.000864781054747   0.000205036188500   0.000253770133323   0.000205036177278
   0.000004958848141   0.000493333616935   0.000208807420960   0.000626236576094
   0.000013345719502   0.000206158379480   0.000131716175639   0.025001738122084

  Columns 5 through 6

   0.000205036177277   0.000636450812614
   0.000000000000000   0.000000000000000
   0.000489615498124   0.000283329113873
   0.000205036177276   0.000205036177292
   0.000255832129820   0.000480909659037
   0.000130041968338   0.000000234033271
   0.000208294771828   0.000313415492733
   0.000378117038309   0.000000000000000
   0.000014670092168   0.000205036177277
   0.020672244555718   0.000265678505544
   0.020672244555716   0.020672244555720
   0.000516857633885   0.000620505287581
   0.000342770855951   0.000625277530811
   0.000474792130994   0.000205036177278
   0.000015716907258   0.000627106574747
   0.000000000000000   0.000000000000000
   0.000205036178563   0.000332889896843
   0.000244140117427   0.000015284679010
   0.000418784931321   0.000000217182784
   0.000000000000000   0.000000221896103
   0.000330779471075   0.000633181810554
   0.000228130712585   0.025749225925351
   0.020921358204526   0.000216808397964
   0.022528017167994   0.000000000000000
   0.000205036177277   0.000000000000000
   0.000205036177276   0.000421520721447
   0.000495279879745   0.000227053125801
   0.000632170413066   0.025205032581906


corrida =

    29


Solutions =

  Columns 1 through 4

   0.000000781108277   0.000496054374759   0.000223614929348   0.000207650562404
   0.027477712359343   0.000206265719976   0.000257418220101   0.000317561864165
   0.000000000000000   0.000221616397170   0.000633884361725   0.000205036177277
   0.020672721290642   0.000285809000730   0.000205036177278   0.000245958572215
   0.000075994492559   0.000000000000000   0.000543157934418   0.000380227677727
   0.000000000000000   0.000231293294954   0.025700382304998   0.000633626231091
   0.027456860071567   0.000000573740662   0.000305783004983   0.000089715873271
   0.000001484236341   0.026041321692453   0.020858999787099   0.000205036177278
   0.000002772942490   0.000205036409727   0.000456256450102   0.000532021622896
   0.000635391171320   0.000205338420058   0.000205134327727                   0
   0.001332187080352   0.000205036177532   0.000111340268858   0.000205214532418
   0.000907021070541   0.000205037765743   0.000301675834748   0.000000493461963
   0.000000000000000   0.000000229723644   0.003634265263094   0.000205036177277
   0.000000000000001   0.000205036190305   0.000254781218586   0.000205064684125
   0.000168260959210   0.000343059849794   0.000570739487004   0.000223747723848
   0.000000000006273   0.000636626552366   0.000011711342523   0.000205037529701
   0.000878645643459   0.000363730989598   0.000205036177277   0.000000000000000
   0.000781736992464   0.000585395344975   0.000205036177276   0.000000356431626
   0.000007670734857   0.000000590083045   0.000247766939086   0.000224956679062
   0.000981515357773   0.001143116123372   0.000271399318394   0.000536539545073
   0.000661064368975   0.000614213420349   0.002844405571898   0.000205036177278
   0.000516800789862   0.020672244555724   0.000205129513810   0.025685145370248
   0.000000000000000   0.000250500766629   0.000000531513186   0.000205036177277
   0.000723988129193   0.000205036179553   0.000212884362402   0.000218704608543
   0.000000303843062   0.000633855363309   0.020672244555721   0.000274098110000
   0.000864781054747   0.000205036188500   0.000253770133323   0.000205036177278
   0.000004958848141   0.000493333616935   0.000208807420960   0.000626236576094
   0.000013345719502   0.000206158379480   0.000131716175639   0.025001738122084
   0.000000000000001   0.000434876838248   0.000361909764711   0.000448197551415

  Columns 5 through 6

   0.000205036177277   0.000636450812614
   0.000000000000000   0.000000000000000
   0.000489615498124   0.000283329113873
   0.000205036177276   0.000205036177292
   0.000255832129820   0.000480909659037
   0.000130041968338   0.000000234033271
   0.000208294771828   0.000313415492733
   0.000378117038309   0.000000000000000
   0.000014670092168   0.000205036177277
   0.020672244555718   0.000265678505544
   0.020672244555716   0.020672244555720
   0.000516857633885   0.000620505287581
   0.000342770855951   0.000625277530811
   0.000474792130994   0.000205036177278
   0.000015716907258   0.000627106574747
   0.000000000000000   0.000000000000000
   0.000205036178563   0.000332889896843
   0.000244140117427   0.000015284679010
   0.000418784931321   0.000000217182784
   0.000000000000000   0.000000221896103
   0.000330779471075   0.000633181810554
   0.000228130712585   0.025749225925351
   0.020921358204526   0.000216808397964
   0.022528017167994   0.000000000000000
   0.000205036177277   0.000000000000000
   0.000205036177276   0.000421520721447
   0.000495279879745   0.000227053125801
   0.000632170413066   0.025205032581906
   0.000205196198205   0.000000000000000


corrida =

    30


Solutions =

  Columns 1 through 4

   0.000000781108277   0.000496054374759   0.000223614929348   0.000207650562404
   0.027477712359343   0.000206265719976   0.000257418220101   0.000317561864165
   0.000000000000000   0.000221616397170   0.000633884361725   0.000205036177277
   0.020672721290642   0.000285809000730   0.000205036177278   0.000245958572215
   0.000075994492559   0.000000000000000   0.000543157934418   0.000380227677727
   0.000000000000000   0.000231293294954   0.025700382304998   0.000633626231091
   0.027456860071567   0.000000573740662   0.000305783004983   0.000089715873271
   0.000001484236341   0.026041321692453   0.020858999787099   0.000205036177278
   0.000002772942490   0.000205036409727   0.000456256450102   0.000532021622896
   0.000635391171320   0.000205338420058   0.000205134327727                   0
   0.001332187080352   0.000205036177532   0.000111340268858   0.000205214532418
   0.000907021070541   0.000205037765743   0.000301675834748   0.000000493461963
   0.000000000000000   0.000000229723644   0.003634265263094   0.000205036177277
   0.000000000000001   0.000205036190305   0.000254781218586   0.000205064684125
   0.000168260959210   0.000343059849794   0.000570739487004   0.000223747723848
   0.000000000006273   0.000636626552366   0.000011711342523   0.000205037529701
   0.000878645643459   0.000363730989598   0.000205036177277   0.000000000000000
   0.000781736992464   0.000585395344975   0.000205036177276   0.000000356431626
   0.000007670734857   0.000000590083045   0.000247766939086   0.000224956679062
   0.000981515357773   0.001143116123372   0.000271399318394   0.000536539545073
   0.000661064368975   0.000614213420349   0.002844405571898   0.000205036177278
   0.000516800789862   0.020672244555724   0.000205129513810   0.025685145370248
   0.000000000000000   0.000250500766629   0.000000531513186   0.000205036177277
   0.000723988129193   0.000205036179553   0.000212884362402   0.000218704608543
   0.000000303843062   0.000633855363309   0.020672244555721   0.000274098110000
   0.000864781054747   0.000205036188500   0.000253770133323   0.000205036177278
   0.000004958848141   0.000493333616935   0.000208807420960   0.000626236576094
   0.000013345719502   0.000206158379480   0.000131716175639   0.025001738122084
   0.000000000000001   0.000434876838248   0.000361909764711   0.000448197551415
   0.000183032839649   0.027381576029979   0.000082581037314   0.000001177757232

  Columns 5 through 6

   0.000205036177277   0.000636450812614
   0.000000000000000   0.000000000000000
   0.000489615498124   0.000283329113873
   0.000205036177276   0.000205036177292
   0.000255832129820   0.000480909659037
   0.000130041968338   0.000000234033271
   0.000208294771828   0.000313415492733
   0.000378117038309   0.000000000000000
   0.000014670092168   0.000205036177277
   0.020672244555718   0.000265678505544
   0.020672244555716   0.020672244555720
   0.000516857633885   0.000620505287581
   0.000342770855951   0.000625277530811
   0.000474792130994   0.000205036177278
   0.000015716907258   0.000627106574747
   0.000000000000000   0.000000000000000
   0.000205036178563   0.000332889896843
   0.000244140117427   0.000015284679010
   0.000418784931321   0.000000217182784
   0.000000000000000   0.000000221896103
   0.000330779471075   0.000633181810554
   0.000228130712585   0.025749225925351
   0.020921358204526   0.000216808397964
   0.022528017167994   0.000000000000000
   0.000205036177277   0.000000000000000
   0.000205036177276   0.000421520721447
   0.000495279879745   0.000227053125801
   0.000632170413066   0.025205032581906
   0.000205196198205   0.000000000000000
   0.022318211543810   0.000000000000000


corrida =

    31


Solutions =

  Columns 1 through 4

   0.000000781108277   0.000496054374759   0.000223614929348   0.000207650562404
   0.027477712359343   0.000206265719976   0.000257418220101   0.000317561864165
   0.000000000000000   0.000221616397170   0.000633884361725   0.000205036177277
   0.020672721290642   0.000285809000730   0.000205036177278   0.000245958572215
   0.000075994492559   0.000000000000000   0.000543157934418   0.000380227677727
   0.000000000000000   0.000231293294954   0.025700382304998   0.000633626231091
   0.027456860071567   0.000000573740662   0.000305783004983   0.000089715873271
   0.000001484236341   0.026041321692453   0.020858999787099   0.000205036177278
   0.000002772942490   0.000205036409727   0.000456256450102   0.000532021622896
   0.000635391171320   0.000205338420058   0.000205134327727                   0
   0.001332187080352   0.000205036177532   0.000111340268858   0.000205214532418
   0.000907021070541   0.000205037765743   0.000301675834748   0.000000493461963
   0.000000000000000   0.000000229723644   0.003634265263094   0.000205036177277
   0.000000000000001   0.000205036190305   0.000254781218586   0.000205064684125
   0.000168260959210   0.000343059849794   0.000570739487004   0.000223747723848
   0.000000000006273   0.000636626552366   0.000011711342523   0.000205037529701
   0.000878645643459   0.000363730989598   0.000205036177277   0.000000000000000
   0.000781736992464   0.000585395344975   0.000205036177276   0.000000356431626
   0.000007670734857   0.000000590083045   0.000247766939086   0.000224956679062
   0.000981515357773   0.001143116123372   0.000271399318394   0.000536539545073
   0.000661064368975   0.000614213420349   0.002844405571898   0.000205036177278
   0.000516800789862   0.020672244555724   0.000205129513810   0.025685145370248
   0.000000000000000   0.000250500766629   0.000000531513186   0.000205036177277
   0.000723988129193   0.000205036179553   0.000212884362402   0.000218704608543
   0.000000303843062   0.000633855363309   0.020672244555721   0.000274098110000
   0.000864781054747   0.000205036188500   0.000253770133323   0.000205036177278
   0.000004958848141   0.000493333616935   0.000208807420960   0.000626236576094
   0.000013345719502   0.000206158379480   0.000131716175639   0.025001738122084
   0.000000000000001   0.000434876838248   0.000361909764711   0.000448197551415
   0.000183032839649   0.027381576029979   0.000082581037314   0.000001177757232
   0.000000000000029   0.000000000000000   1.614967667927801   0.000205036177277

  Columns 5 through 6

   0.000205036177277   0.000636450812614
   0.000000000000000   0.000000000000000
   0.000489615498124   0.000283329113873
   0.000205036177276   0.000205036177292
   0.000255832129820   0.000480909659037
   0.000130041968338   0.000000234033271
   0.000208294771828   0.000313415492733
   0.000378117038309   0.000000000000000
   0.000014670092168   0.000205036177277
   0.020672244555718   0.000265678505544
   0.020672244555716   0.020672244555720
   0.000516857633885   0.000620505287581
   0.000342770855951   0.000625277530811
   0.000474792130994   0.000205036177278
   0.000015716907258   0.000627106574747
   0.000000000000000   0.000000000000000
   0.000205036178563   0.000332889896843
   0.000244140117427   0.000015284679010
   0.000418784931321   0.000000217182784
   0.000000000000000   0.000000221896103
   0.000330779471075   0.000633181810554
   0.000228130712585   0.025749225925351
   0.020921358204526   0.000216808397964
   0.022528017167994   0.000000000000000
   0.000205036177277   0.000000000000000
   0.000205036177276   0.000421520721447
   0.000495279879745   0.000227053125801
   0.000632170413066   0.025205032581906
   0.000205196198205   0.000000000000000
   0.022318211543810   0.000000000000000
   0.000205036177524   0.000205036177278

ALGORTIMO 1

mejor =

     8.243533350687156e-25


peor =

   0.027477712359343


mediana =

     7.599449255863268e-05


promedio =

   0.002720936487440


desviacion =

   0.007558986880530

ALGORTIMO 2

mejor =

     5.553580772755923e-28


peor =

   0.027381576029979


mediana =

     2.312932949535864e-04


promedio =

   0.002667032231922


desviacion =

   0.007391722237543

ALGORTIMO 3

mejor =

     5.315131861238690e-07


peor =

   1.614967667927801


mediana =

     2.547812185857956e-04


promedio =

   0.054682098951658


desviacion =

   0.289653412928827

ALGORTIMO 4

mejor =

     0


peor =

   0.025685145370248


mediana =

     2.052145324177211e-04


promedio =

   0.001861249171875


desviacion =

   0.006271598822229

ALGORTIMO 5

mejor =

     1.262177448353619e-29


peor =

   0.022528017167994


mediana =

     2.441401174268631e-04


promedio =

   0.003668499478808


desviacion =

   0.007923090514173

ALGORTIMO 6

mejor =

     5.048709793414476e-29


peor =

   0.025749225925351


mediana =

     2.168083979643398e-04


promedio =

   0.002520862338478


desviacion =

   0.007145329255315

******* Friedman Test results ********

p =

   0.811733321964300


tbl = 

  Columns 1 through 4

    'Source'     'SS'                       'df'     'MS'               
    'Columns'    [    7.919354838709682]    [  5]    [1.583870967741936]
    'Error'      [5.345806451612904e+02]    [150]    [3.563870967741936]
    'Total'      [5.425000000000000e+02]    [185]                     []

  Columns 5 through 6

    'Chi-sq'               'Prob>Chi-sq'      
    [2.262672811059909]    [0.811733321964300]
                     []                     []
                     []                     []


stats = 

       source: 'friedman'
            n: 31
    meanranks: [1x6 double]
        sigma: 1.870828693386971

******* Bonferrony Test results ******
Note: Intervals can be used for testing but are not simultaneous confidence intervals.

results =

  Columns 1 through 4

   1.000000000000000   2.000000000000000  -1.814135101831822  -0.419354838709677
   1.000000000000000   3.000000000000000  -2.039941553444726  -0.645161290322581
   1.000000000000000   4.000000000000000  -1.556070585702790  -0.161290322580645
   1.000000000000000   5.000000000000000  -1.620586714735048  -0.225806451612903
   1.000000000000000   6.000000000000000  -1.588328650218919  -0.193548387096774
   2.000000000000000   3.000000000000000  -1.620586714735048  -0.225806451612903
   2.000000000000000   4.000000000000000  -1.136715746993113   0.258064516129032
   2.000000000000000   5.000000000000000  -1.201231876025371   0.193548387096774
   2.000000000000000   6.000000000000000  -1.168973811509242   0.225806451612903
   3.000000000000000   4.000000000000000  -0.910909295380209   0.483870967741936
   3.000000000000000   5.000000000000000  -0.975425424412467   0.419354838709677
   3.000000000000000   6.000000000000000  -0.943167359896338   0.451612903225806
   4.000000000000000   5.000000000000000  -1.459296392154403  -0.064516129032258
   4.000000000000000   6.000000000000000  -1.427038327638274  -0.032258064516129
   5.000000000000000   6.000000000000000  -1.362522198606016   0.032258064516129

  Column 5

   0.975425424412467
   0.749618972799564
   1.233489940541499
   1.168973811509241
   1.201231876025370
   1.168973811509241
   1.652844779251177
   1.588328650218919
   1.620586714735048
   1.878651230864080
   1.814135101831822
   1.846393166347951
   1.330264134089887
   1.362522198606016
   1.427038327638274


means =

   3.225806451612903   0.336010752516124
   3.645161290322581   0.336010752516124
   3.870967741935484   0.336010752516124
   3.387096774193549   0.336010752516124
   3.451612903225807   0.336010752516124
   3.419354838709678   0.336010752516124


h =

     2

>> graficas_convergencia