>> graficas_convergencia
Warning: Directory already exists. 
> In graficas_convergencia at 108 
Warning: Directory already exists. 
> In graficas_convergencia at 111 
Warning: Directory already exists. 
> In graficas_convergencia at 114 
Warning: Directory already exists. 
> In graficas_convergencia at 117 

Problema =

     3


Evaluaciones =

      450018


N =

    19


Cantidad_Simplex =

     7


Poblacion =

   140


corrida =

     1


Solutions =

   0.476587008605526   0.287520591291665   0.458256750447563   1.629404650015740   0.274968744962495   1.892659890165208


corrida =

     2


Solutions =

   0.476587008605526   0.287520591291665   0.458256750447563   1.629404650015740   0.274968744962495   1.892659890165208
  13.508079621455014   0.274968744962495  13.508079621454828   0.929088003982871   0.275428498593806  13.508079621454979


corrida =

     3


Solutions =

   0.476587008605526   0.287520591291665   0.458256750447563   1.629404650015740   0.274968744962495   1.892659890165208
  13.508079621455014   0.274968744962495  13.508079621454828   0.929088003982871   0.275428498593806  13.508079621454979
   0.450297101327792   0.443417479407554   1.629055748311026  13.508079621454909  13.508079621454943   0.338934475461315


corrida =

     4


Solutions =

   0.476587008605526   0.287520591291665   0.458256750447563   1.629404650015740   0.274968744962495   1.892659890165208
  13.508079621455014   0.274968744962495  13.508079621454828   0.929088003982871   0.275428498593806  13.508079621454979
   0.450297101327792   0.443417479407554   1.629055748311026  13.508079621454909  13.508079621454943   0.338934475461315
   0.275773117426577   0.275278326386622   0.274968744962495  13.508079621454987   0.668513057101844   0.274968744962495


corrida =

     5


Solutions =

   0.476587008605526   0.287520591291665   0.458256750447563   1.629404650015740   0.274968744962495   1.892659890165208
  13.508079621455014   0.274968744962495  13.508079621454828   0.929088003982871   0.275428498593806  13.508079621454979
   0.450297101327792   0.443417479407554   1.629055748311026  13.508079621454909  13.508079621454943   0.338934475461315
   0.275773117426577   0.275278326386622   0.274968744962495  13.508079621454987   0.668513057101844   0.274968744962495
   0.444135764205284   2.637949544875527  13.508079621454995   0.458256750447560   0.463474247941233   0.274968744962495


corrida =

     6


Solutions =

   0.476587008605526   0.287520591291665   0.458256750447563   1.629404650015740   0.274968744962495   1.892659890165208
  13.508079621455014   0.274968744962495  13.508079621454828   0.929088003982871   0.275428498593806  13.508079621454979
   0.450297101327792   0.443417479407554   1.629055748311026  13.508079621454909  13.508079621454943   0.338934475461315
   0.275773117426577   0.275278326386622   0.274968744962495  13.508079621454987   0.668513057101844   0.274968744962495
   0.444135764205284   2.637949544875527  13.508079621454995   0.458256750447560   0.463474247941233   0.274968744962495
   0.480711185863457   0.278588937087821  13.508079621455169  13.508079621454920  13.508079621454993  13.508079621454955


corrida =

     7


Solutions =

   0.476587008605526   0.287520591291665   0.458256750447563   1.629404650015740   0.274968744962495   1.892659890165208
  13.508079621455014   0.274968744962495  13.508079621454828   0.929088003982871   0.275428498593806  13.508079621454979
   0.450297101327792   0.443417479407554   1.629055748311026  13.508079621454909  13.508079621454943   0.338934475461315
   0.275773117426577   0.275278326386622   0.274968744962495  13.508079621454987   0.668513057101844   0.274968744962495
   0.444135764205284   2.637949544875527  13.508079621454995   0.458256750447560   0.463474247941233   0.274968744962495
   0.480711185863457   0.278588937087821  13.508079621455169  13.508079621454920  13.508079621454993  13.508079621454955
   0.274984218046315  13.508079621454955   0.426651392324911  10.701105586074007   0.274968744962502  13.508079621454756


corrida =

     8


Solutions =

   0.476587008605526   0.287520591291665   0.458256750447563   1.629404650015740   0.274968744962495   1.892659890165208
  13.508079621455014   0.274968744962495  13.508079621454828   0.929088003982871   0.275428498593806  13.508079621454979
   0.450297101327792   0.443417479407554   1.629055748311026  13.508079621454909  13.508079621454943   0.338934475461315
   0.275773117426577   0.275278326386622   0.274968744962495  13.508079621454987   0.668513057101844   0.274968744962495
   0.444135764205284   2.637949544875527  13.508079621454995   0.458256750447560   0.463474247941233   0.274968744962495
   0.480711185863457   0.278588937087821  13.508079621455169  13.508079621454920  13.508079621454993  13.508079621454955
   0.274984218046315  13.508079621454955   0.426651392324911  10.701105586074007   0.274968744962502  13.508079621454756
   0.648110627962778   0.423983776148761  13.508079621454934   0.274968744962495   0.274968744962495   0.338934475461315


corrida =

     9


Solutions =

   0.476587008605526   0.287520591291665   0.458256750447563   1.629404650015740   0.274968744962495   1.892659890165208
  13.508079621455014   0.274968744962495  13.508079621454828   0.929088003982871   0.275428498593806  13.508079621454979
   0.450297101327792   0.443417479407554   1.629055748311026  13.508079621454909  13.508079621454943   0.338934475461315
   0.275773117426577   0.275278326386622   0.274968744962495  13.508079621454987   0.668513057101844   0.274968744962495
   0.444135764205284   2.637949544875527  13.508079621454995   0.458256750447560   0.463474247941233   0.274968744962495
   0.480711185863457   0.278588937087821  13.508079621455169  13.508079621454920  13.508079621454993  13.508079621454955
   0.274984218046315  13.508079621454955   0.426651392324911  10.701105586074007   0.274968744962502  13.508079621454756
   0.648110627962778   0.423983776148761  13.508079621454934   0.274968744962495   0.274968744962495   0.338934475461315
   0.425940758444839  13.508079621454979   0.888931624374190   0.274968744962495  13.508079621454920   0.413972819061538


corrida =

    10


Solutions =

   0.476587008605526   0.287520591291665   0.458256750447563   1.629404650015740   0.274968744962495   1.892659890165208
  13.508079621455014   0.274968744962495  13.508079621454828   0.929088003982871   0.275428498593806  13.508079621454979
   0.450297101327792   0.443417479407554   1.629055748311026  13.508079621454909  13.508079621454943   0.338934475461315
   0.275773117426577   0.275278326386622   0.274968744962495  13.508079621454987   0.668513057101844   0.274968744962495
   0.444135764205284   2.637949544875527  13.508079621454995   0.458256750447560   0.463474247941233   0.274968744962495
   0.480711185863457   0.278588937087821  13.508079621455169  13.508079621454920  13.508079621454993  13.508079621454955
   0.274984218046315  13.508079621454955   0.426651392324911  10.701105586074007   0.274968744962502  13.508079621454756
   0.648110627962778   0.423983776148761  13.508079621454934   0.274968744962495   0.274968744962495   0.338934475461315
   0.425940758444839  13.508079621454979   0.888931624374190   0.274968744962495  13.508079621454920   0.413972819061538
   0.275620178913009  13.508079621454998  13.508079621454867   0.274968744962501   0.338934475461313   1.447152861805401


corrida =

    11


Solutions =

   0.476587008605526   0.287520591291665   0.458256750447563   1.629404650015740   0.274968744962495   1.892659890165208
  13.508079621455014   0.274968744962495  13.508079621454828   0.929088003982871   0.275428498593806  13.508079621454979
   0.450297101327792   0.443417479407554   1.629055748311026  13.508079621454909  13.508079621454943   0.338934475461315
   0.275773117426577   0.275278326386622   0.274968744962495  13.508079621454987   0.668513057101844   0.274968744962495
   0.444135764205284   2.637949544875527  13.508079621454995   0.458256750447560   0.463474247941233   0.274968744962495
   0.480711185863457   0.278588937087821  13.508079621455169  13.508079621454920  13.508079621454993  13.508079621454955
   0.274984218046315  13.508079621454955   0.426651392324911  10.701105586074007   0.274968744962502  13.508079621454756
   0.648110627962778   0.423983776148761  13.508079621454934   0.274968744962495   0.274968744962495   0.338934475461315
   0.425940758444839  13.508079621454979   0.888931624374190   0.274968744962495  13.508079621454920   0.413972819061538
   0.275620178913009  13.508079621454998  13.508079621454867   0.274968744962501   0.338934475461313   1.447152861805401
   0.544720019276352   0.458257221350747   0.289200188353596   0.758525200995596   0.274968744962495   0.274975386343095


corrida =

    12


Solutions =

   0.476587008605526   0.287520591291665   0.458256750447563   1.629404650015740   0.274968744962495   1.892659890165208
  13.508079621455014   0.274968744962495  13.508079621454828   0.929088003982871   0.275428498593806  13.508079621454979
   0.450297101327792   0.443417479407554   1.629055748311026  13.508079621454909  13.508079621454943   0.338934475461315
   0.275773117426577   0.275278326386622   0.274968744962495  13.508079621454987   0.668513057101844   0.274968744962495
   0.444135764205284   2.637949544875527  13.508079621454995   0.458256750447560   0.463474247941233   0.274968744962495
   0.480711185863457   0.278588937087821  13.508079621455169  13.508079621454920  13.508079621454993  13.508079621454955
   0.274984218046315  13.508079621454955   0.426651392324911  10.701105586074007   0.274968744962502  13.508079621454756
   0.648110627962778   0.423983776148761  13.508079621454934   0.274968744962495   0.274968744962495   0.338934475461315
   0.425940758444839  13.508079621454979   0.888931624374190   0.274968744962495  13.508079621454920   0.413972819061538
   0.275620178913009  13.508079621454998  13.508079621454867   0.274968744962501   0.338934475461313   1.447152861805401
   0.544720019276352   0.458257221350747   0.289200188353596   0.758525200995596   0.274968744962495   0.274975386343095
   0.275165994578501   0.274969637471044   0.274968744962495  13.508079621454947  13.508079621454927  13.508079621454893


corrida =

    13


Solutions =

   0.476587008605526   0.287520591291665   0.458256750447563   1.629404650015740   0.274968744962495   1.892659890165208
  13.508079621455014   0.274968744962495  13.508079621454828   0.929088003982871   0.275428498593806  13.508079621454979
   0.450297101327792   0.443417479407554   1.629055748311026  13.508079621454909  13.508079621454943   0.338934475461315
   0.275773117426577   0.275278326386622   0.274968744962495  13.508079621454987   0.668513057101844   0.274968744962495
   0.444135764205284   2.637949544875527  13.508079621454995   0.458256750447560   0.463474247941233   0.274968744962495
   0.480711185863457   0.278588937087821  13.508079621455169  13.508079621454920  13.508079621454993  13.508079621454955
   0.274984218046315  13.508079621454955   0.426651392324911  10.701105586074007   0.274968744962502  13.508079621454756
   0.648110627962778   0.423983776148761  13.508079621454934   0.274968744962495   0.274968744962495   0.338934475461315
   0.425940758444839  13.508079621454979   0.888931624374190   0.274968744962495  13.508079621454920   0.413972819061538
   0.275620178913009  13.508079621454998  13.508079621454867   0.274968744962501   0.338934475461313   1.447152861805401
   0.544720019276352   0.458257221350747   0.289200188353596   0.758525200995596   0.274968744962495   0.274975386343095
   0.275165994578501   0.274969637471044   0.274968744962495  13.508079621454947  13.508079621454927  13.508079621454893
   0.275576638028492   0.274968745022767  13.508079621454957   0.916638374964870  13.508079621454968  13.508079621454984


corrida =

    14


Solutions =

   0.476587008605526   0.287520591291665   0.458256750447563   1.629404650015740   0.274968744962495   1.892659890165208
  13.508079621455014   0.274968744962495  13.508079621454828   0.929088003982871   0.275428498593806  13.508079621454979
   0.450297101327792   0.443417479407554   1.629055748311026  13.508079621454909  13.508079621454943   0.338934475461315
   0.275773117426577   0.275278326386622   0.274968744962495  13.508079621454987   0.668513057101844   0.274968744962495
   0.444135764205284   2.637949544875527  13.508079621454995   0.458256750447560   0.463474247941233   0.274968744962495
   0.480711185863457   0.278588937087821  13.508079621455169  13.508079621454920  13.508079621454993  13.508079621454955
   0.274984218046315  13.508079621454955   0.426651392324911  10.701105586074007   0.274968744962502  13.508079621454756
   0.648110627962778   0.423983776148761  13.508079621454934   0.274968744962495   0.274968744962495   0.338934475461315
   0.425940758444839  13.508079621454979   0.888931624374190   0.274968744962495  13.508079621454920   0.413972819061538
   0.275620178913009  13.508079621454998  13.508079621454867   0.274968744962501   0.338934475461313   1.447152861805401
   0.544720019276352   0.458257221350747   0.289200188353596   0.758525200995596   0.274968744962495   0.274975386343095
   0.275165994578501   0.274969637471044   0.274968744962495  13.508079621454947  13.508079621454927  13.508079621454893
   0.275576638028492   0.274968745022767  13.508079621454957   0.916638374964870  13.508079621454968  13.508079621454984
   0.275076343797756   0.442064651452020   2.187103748477960   0.274968744962495  13.508079621454854  13.508079621454950


corrida =

    15


Solutions =

   0.476587008605526   0.287520591291665   0.458256750447563   1.629404650015740   0.274968744962495   1.892659890165208
  13.508079621455014   0.274968744962495  13.508079621454828   0.929088003982871   0.275428498593806  13.508079621454979
   0.450297101327792   0.443417479407554   1.629055748311026  13.508079621454909  13.508079621454943   0.338934475461315
   0.275773117426577   0.275278326386622   0.274968744962495  13.508079621454987   0.668513057101844   0.274968744962495
   0.444135764205284   2.637949544875527  13.508079621454995   0.458256750447560   0.463474247941233   0.274968744962495
   0.480711185863457   0.278588937087821  13.508079621455169  13.508079621454920  13.508079621454993  13.508079621454955
   0.274984218046315  13.508079621454955   0.426651392324911  10.701105586074007   0.274968744962502  13.508079621454756
   0.648110627962778   0.423983776148761  13.508079621454934   0.274968744962495   0.274968744962495   0.338934475461315
   0.425940758444839  13.508079621454979   0.888931624374190   0.274968744962495  13.508079621454920   0.413972819061538
   0.275620178913009  13.508079621454998  13.508079621454867   0.274968744962501   0.338934475461313   1.447152861805401
   0.544720019276352   0.458257221350747   0.289200188353596   0.758525200995596   0.274968744962495   0.274975386343095
   0.275165994578501   0.274969637471044   0.274968744962495  13.508079621454947  13.508079621454927  13.508079621454893
   0.275576638028492   0.274968745022767  13.508079621454957   0.916638374964870  13.508079621454968  13.508079621454984
   0.275076343797756   0.442064651452020   2.187103748477960   0.274968744962495  13.508079621454854  13.508079621454950
   0.274968746119431  13.508079621454984   0.274968744962495   0.353419069650380   0.274968744962495  13.508079621454996


corrida =

    16


Solutions =

   0.476587008605526   0.287520591291665   0.458256750447563   1.629404650015740   0.274968744962495   1.892659890165208
  13.508079621455014   0.274968744962495  13.508079621454828   0.929088003982871   0.275428498593806  13.508079621454979
   0.450297101327792   0.443417479407554   1.629055748311026  13.508079621454909  13.508079621454943   0.338934475461315
   0.275773117426577   0.275278326386622   0.274968744962495  13.508079621454987   0.668513057101844   0.274968744962495
   0.444135764205284   2.637949544875527  13.508079621454995   0.458256750447560   0.463474247941233   0.274968744962495
   0.480711185863457   0.278588937087821  13.508079621455169  13.508079621454920  13.508079621454993  13.508079621454955
   0.274984218046315  13.508079621454955   0.426651392324911  10.701105586074007   0.274968744962502  13.508079621454756
   0.648110627962778   0.423983776148761  13.508079621454934   0.274968744962495   0.274968744962495   0.338934475461315
   0.425940758444839  13.508079621454979   0.888931624374190   0.274968744962495  13.508079621454920   0.413972819061538
   0.275620178913009  13.508079621454998  13.508079621454867   0.274968744962501   0.338934475461313   1.447152861805401
   0.544720019276352   0.458257221350747   0.289200188353596   0.758525200995596   0.274968744962495   0.274975386343095
   0.275165994578501   0.274969637471044   0.274968744962495  13.508079621454947  13.508079621454927  13.508079621454893
   0.275576638028492   0.274968745022767  13.508079621454957   0.916638374964870  13.508079621454968  13.508079621454984
   0.275076343797756   0.442064651452020   2.187103748477960   0.274968744962495  13.508079621454854  13.508079621454950
   0.274968746119431  13.508079621454984   0.274968744962495   0.353419069650380   0.274968744962495  13.508079621454996
   0.275573518167020   0.274968744962495   0.274968744962495  13.508079621454886   1.076396448721452   0.423469827385979


corrida =

    17


Solutions =

   0.476587008605526   0.287520591291665   0.458256750447563   1.629404650015740   0.274968744962495   1.892659890165208
  13.508079621455014   0.274968744962495  13.508079621454828   0.929088003982871   0.275428498593806  13.508079621454979
   0.450297101327792   0.443417479407554   1.629055748311026  13.508079621454909  13.508079621454943   0.338934475461315
   0.275773117426577   0.275278326386622   0.274968744962495  13.508079621454987   0.668513057101844   0.274968744962495
   0.444135764205284   2.637949544875527  13.508079621454995   0.458256750447560   0.463474247941233   0.274968744962495
   0.480711185863457   0.278588937087821  13.508079621455169  13.508079621454920  13.508079621454993  13.508079621454955
   0.274984218046315  13.508079621454955   0.426651392324911  10.701105586074007   0.274968744962502  13.508079621454756
   0.648110627962778   0.423983776148761  13.508079621454934   0.274968744962495   0.274968744962495   0.338934475461315
   0.425940758444839  13.508079621454979   0.888931624374190   0.274968744962495  13.508079621454920   0.413972819061538
   0.275620178913009  13.508079621454998  13.508079621454867   0.274968744962501   0.338934475461313   1.447152861805401
   0.544720019276352   0.458257221350747   0.289200188353596   0.758525200995596   0.274968744962495   0.274975386343095
   0.275165994578501   0.274969637471044   0.274968744962495  13.508079621454947  13.508079621454927  13.508079621454893
   0.275576638028492   0.274968745022767  13.508079621454957   0.916638374964870  13.508079621454968  13.508079621454984
   0.275076343797756   0.442064651452020   2.187103748477960   0.274968744962495  13.508079621454854  13.508079621454950
   0.274968746119431  13.508079621454984   0.274968744962495   0.353419069650380   0.274968744962495  13.508079621454996
   0.275573518167020   0.274968744962495   0.274968744962495  13.508079621454886   1.076396448721452   0.423469827385979
   0.482683244069062  13.508079621454975   0.368636481419321   1.629055863111292   1.080179193965776  13.508079621454973


corrida =

    18


Solutions =

   0.476587008605526   0.287520591291665   0.458256750447563   1.629404650015740   0.274968744962495   1.892659890165208
  13.508079621455014   0.274968744962495  13.508079621454828   0.929088003982871   0.275428498593806  13.508079621454979
   0.450297101327792   0.443417479407554   1.629055748311026  13.508079621454909  13.508079621454943   0.338934475461315
   0.275773117426577   0.275278326386622   0.274968744962495  13.508079621454987   0.668513057101844   0.274968744962495
   0.444135764205284   2.637949544875527  13.508079621454995   0.458256750447560   0.463474247941233   0.274968744962495
   0.480711185863457   0.278588937087821  13.508079621455169  13.508079621454920  13.508079621454993  13.508079621454955
   0.274984218046315  13.508079621454955   0.426651392324911  10.701105586074007   0.274968744962502  13.508079621454756
   0.648110627962778   0.423983776148761  13.508079621454934   0.274968744962495   0.274968744962495   0.338934475461315
   0.425940758444839  13.508079621454979   0.888931624374190   0.274968744962495  13.508079621454920   0.413972819061538
   0.275620178913009  13.508079621454998  13.508079621454867   0.274968744962501   0.338934475461313   1.447152861805401
   0.544720019276352   0.458257221350747   0.289200188353596   0.758525200995596   0.274968744962495   0.274975386343095
   0.275165994578501   0.274969637471044   0.274968744962495  13.508079621454947  13.508079621454927  13.508079621454893
   0.275576638028492   0.274968745022767  13.508079621454957   0.916638374964870  13.508079621454968  13.508079621454984
   0.275076343797756   0.442064651452020   2.187103748477960   0.274968744962495  13.508079621454854  13.508079621454950
   0.274968746119431  13.508079621454984   0.274968744962495   0.353419069650380   0.274968744962495  13.508079621454996
   0.275573518167020   0.274968744962495   0.274968744962495  13.508079621454886   1.076396448721452   0.423469827385979
   0.482683244069062  13.508079621454975   0.368636481419321   1.629055863111292   1.080179193965776  13.508079621454973
   0.480917237063879  13.508079621454923   0.309405974853780  13.508079621454995   0.432835776275066   0.274968744962495


corrida =

    19


Solutions =

   0.476587008605526   0.287520591291665   0.458256750447563   1.629404650015740   0.274968744962495   1.892659890165208
  13.508079621455014   0.274968744962495  13.508079621454828   0.929088003982871   0.275428498593806  13.508079621454979
   0.450297101327792   0.443417479407554   1.629055748311026  13.508079621454909  13.508079621454943   0.338934475461315
   0.275773117426577   0.275278326386622   0.274968744962495  13.508079621454987   0.668513057101844   0.274968744962495
   0.444135764205284   2.637949544875527  13.508079621454995   0.458256750447560   0.463474247941233   0.274968744962495
   0.480711185863457   0.278588937087821  13.508079621455169  13.508079621454920  13.508079621454993  13.508079621454955
   0.274984218046315  13.508079621454955   0.426651392324911  10.701105586074007   0.274968744962502  13.508079621454756
   0.648110627962778   0.423983776148761  13.508079621454934   0.274968744962495   0.274968744962495   0.338934475461315
   0.425940758444839  13.508079621454979   0.888931624374190   0.274968744962495  13.508079621454920   0.413972819061538
   0.275620178913009  13.508079621454998  13.508079621454867   0.274968744962501   0.338934475461313   1.447152861805401
   0.544720019276352   0.458257221350747   0.289200188353596   0.758525200995596   0.274968744962495   0.274975386343095
   0.275165994578501   0.274969637471044   0.274968744962495  13.508079621454947  13.508079621454927  13.508079621454893
   0.275576638028492   0.274968745022767  13.508079621454957   0.916638374964870  13.508079621454968  13.508079621454984
   0.275076343797756   0.442064651452020   2.187103748477960   0.274968744962495  13.508079621454854  13.508079621454950
   0.274968746119431  13.508079621454984   0.274968744962495   0.353419069650380   0.274968744962495  13.508079621454996
   0.275573518167020   0.274968744962495   0.274968744962495  13.508079621454886   1.076396448721452   0.423469827385979
   0.482683244069062  13.508079621454975   0.368636481419321   1.629055863111292   1.080179193965776  13.508079621454973
   0.480917237063879  13.508079621454923   0.309405974853780  13.508079621454995   0.432835776275066   0.274968744962495
   0.480362940298451   0.274968744962495   0.287234972152869   0.274968744962495  13.508079621454893   0.289375966926235


corrida =

    20


Solutions =

   0.476587008605526   0.287520591291665   0.458256750447563   1.629404650015740   0.274968744962495   1.892659890165208
  13.508079621455014   0.274968744962495  13.508079621454828   0.929088003982871   0.275428498593806  13.508079621454979
   0.450297101327792   0.443417479407554   1.629055748311026  13.508079621454909  13.508079621454943   0.338934475461315
   0.275773117426577   0.275278326386622   0.274968744962495  13.508079621454987   0.668513057101844   0.274968744962495
   0.444135764205284   2.637949544875527  13.508079621454995   0.458256750447560   0.463474247941233   0.274968744962495
   0.480711185863457   0.278588937087821  13.508079621455169  13.508079621454920  13.508079621454993  13.508079621454955
   0.274984218046315  13.508079621454955   0.426651392324911  10.701105586074007   0.274968744962502  13.508079621454756
   0.648110627962778   0.423983776148761  13.508079621454934   0.274968744962495   0.274968744962495   0.338934475461315
   0.425940758444839  13.508079621454979   0.888931624374190   0.274968744962495  13.508079621454920   0.413972819061538
   0.275620178913009  13.508079621454998  13.508079621454867   0.274968744962501   0.338934475461313   1.447152861805401
   0.544720019276352   0.458257221350747   0.289200188353596   0.758525200995596   0.274968744962495   0.274975386343095
   0.275165994578501   0.274969637471044   0.274968744962495  13.508079621454947  13.508079621454927  13.508079621454893
   0.275576638028492   0.274968745022767  13.508079621454957   0.916638374964870  13.508079621454968  13.508079621454984
   0.275076343797756   0.442064651452020   2.187103748477960   0.274968744962495  13.508079621454854  13.508079621454950
   0.274968746119431  13.508079621454984   0.274968744962495   0.353419069650380   0.274968744962495  13.508079621454996
   0.275573518167020   0.274968744962495   0.274968744962495  13.508079621454886   1.076396448721452   0.423469827385979
   0.482683244069062  13.508079621454975   0.368636481419321   1.629055863111292   1.080179193965776  13.508079621454973
   0.480917237063879  13.508079621454923   0.309405974853780  13.508079621454995   0.432835776275066   0.274968744962495
   0.480362940298451   0.274968744962495   0.287234972152869   0.274968744962495  13.508079621454893   0.289375966926235
   0.521483645044527  13.508079621454955   0.338934475461314   0.466290879557201  13.508079621454993   1.481872925902286


corrida =

    21


Solutions =

   0.476587008605526   0.287520591291665   0.458256750447563   1.629404650015740   0.274968744962495   1.892659890165208
  13.508079621455014   0.274968744962495  13.508079621454828   0.929088003982871   0.275428498593806  13.508079621454979
   0.450297101327792   0.443417479407554   1.629055748311026  13.508079621454909  13.508079621454943   0.338934475461315
   0.275773117426577   0.275278326386622   0.274968744962495  13.508079621454987   0.668513057101844   0.274968744962495
   0.444135764205284   2.637949544875527  13.508079621454995   0.458256750447560   0.463474247941233   0.274968744962495
   0.480711185863457   0.278588937087821  13.508079621455169  13.508079621454920  13.508079621454993  13.508079621454955
   0.274984218046315  13.508079621454955   0.426651392324911  10.701105586074007   0.274968744962502  13.508079621454756
   0.648110627962778   0.423983776148761  13.508079621454934   0.274968744962495   0.274968744962495   0.338934475461315
   0.425940758444839  13.508079621454979   0.888931624374190   0.274968744962495  13.508079621454920   0.413972819061538
   0.275620178913009  13.508079621454998  13.508079621454867   0.274968744962501   0.338934475461313   1.447152861805401
   0.544720019276352   0.458257221350747   0.289200188353596   0.758525200995596   0.274968744962495   0.274975386343095
   0.275165994578501   0.274969637471044   0.274968744962495  13.508079621454947  13.508079621454927  13.508079621454893
   0.275576638028492   0.274968745022767  13.508079621454957   0.916638374964870  13.508079621454968  13.508079621454984
   0.275076343797756   0.442064651452020   2.187103748477960   0.274968744962495  13.508079621454854  13.508079621454950
   0.274968746119431  13.508079621454984   0.274968744962495   0.353419069650380   0.274968744962495  13.508079621454996
   0.275573518167020   0.274968744962495   0.274968744962495  13.508079621454886   1.076396448721452   0.423469827385979
   0.482683244069062  13.508079621454975   0.368636481419321   1.629055863111292   1.080179193965776  13.508079621454973
   0.480917237063879  13.508079621454923   0.309405974853780  13.508079621454995   0.432835776275066   0.274968744962495
   0.480362940298451   0.274968744962495   0.287234972152869   0.274968744962495  13.508079621454893   0.289375966926235
   0.521483645044527  13.508079621454955   0.338934475461314   0.466290879557201  13.508079621454993   1.481872925902286
   0.275300523769929   0.288499955535839  13.345880214627906   0.274968744962495   2.633765821575455   0.274977344570356


corrida =

    22


Solutions =

   0.476587008605526   0.287520591291665   0.458256750447563   1.629404650015740   0.274968744962495   1.892659890165208
  13.508079621455014   0.274968744962495  13.508079621454828   0.929088003982871   0.275428498593806  13.508079621454979
   0.450297101327792   0.443417479407554   1.629055748311026  13.508079621454909  13.508079621454943   0.338934475461315
   0.275773117426577   0.275278326386622   0.274968744962495  13.508079621454987   0.668513057101844   0.274968744962495
   0.444135764205284   2.637949544875527  13.508079621454995   0.458256750447560   0.463474247941233   0.274968744962495
   0.480711185863457   0.278588937087821  13.508079621455169  13.508079621454920  13.508079621454993  13.508079621454955
   0.274984218046315  13.508079621454955   0.426651392324911  10.701105586074007   0.274968744962502  13.508079621454756
   0.648110627962778   0.423983776148761  13.508079621454934   0.274968744962495   0.274968744962495   0.338934475461315
   0.425940758444839  13.508079621454979   0.888931624374190   0.274968744962495  13.508079621454920   0.413972819061538
   0.275620178913009  13.508079621454998  13.508079621454867   0.274968744962501   0.338934475461313   1.447152861805401
   0.544720019276352   0.458257221350747   0.289200188353596   0.758525200995596   0.274968744962495   0.274975386343095
   0.275165994578501   0.274969637471044   0.274968744962495  13.508079621454947  13.508079621454927  13.508079621454893
   0.275576638028492   0.274968745022767  13.508079621454957   0.916638374964870  13.508079621454968  13.508079621454984
   0.275076343797756   0.442064651452020   2.187103748477960   0.274968744962495  13.508079621454854  13.508079621454950
   0.274968746119431  13.508079621454984   0.274968744962495   0.353419069650380   0.274968744962495  13.508079621454996
   0.275573518167020   0.274968744962495   0.274968744962495  13.508079621454886   1.076396448721452   0.423469827385979
   0.482683244069062  13.508079621454975   0.368636481419321   1.629055863111292   1.080179193965776  13.508079621454973
   0.480917237063879  13.508079621454923   0.309405974853780  13.508079621454995   0.432835776275066   0.274968744962495
   0.480362940298451   0.274968744962495   0.287234972152869   0.274968744962495  13.508079621454893   0.289375966926235
   0.521483645044527  13.508079621454955   0.338934475461314   0.466290879557201  13.508079621454993   1.481872925902286
   0.275300523769929   0.288499955535839  13.345880214627906   0.274968744962495   2.633765821575455   0.274977344570356
   0.274968789812447   0.289728308941075  13.508079621454835   1.629058253579328   0.274968744962495  13.508079621454987


corrida =

    23


Solutions =

   0.476587008605526   0.287520591291665   0.458256750447563   1.629404650015740   0.274968744962495   1.892659890165208
  13.508079621455014   0.274968744962495  13.508079621454828   0.929088003982871   0.275428498593806  13.508079621454979
   0.450297101327792   0.443417479407554   1.629055748311026  13.508079621454909  13.508079621454943   0.338934475461315
   0.275773117426577   0.275278326386622   0.274968744962495  13.508079621454987   0.668513057101844   0.274968744962495
   0.444135764205284   2.637949544875527  13.508079621454995   0.458256750447560   0.463474247941233   0.274968744962495
   0.480711185863457   0.278588937087821  13.508079621455169  13.508079621454920  13.508079621454993  13.508079621454955
   0.274984218046315  13.508079621454955   0.426651392324911  10.701105586074007   0.274968744962502  13.508079621454756
   0.648110627962778   0.423983776148761  13.508079621454934   0.274968744962495   0.274968744962495   0.338934475461315
   0.425940758444839  13.508079621454979   0.888931624374190   0.274968744962495  13.508079621454920   0.413972819061538
   0.275620178913009  13.508079621454998  13.508079621454867   0.274968744962501   0.338934475461313   1.447152861805401
   0.544720019276352   0.458257221350747   0.289200188353596   0.758525200995596   0.274968744962495   0.274975386343095
   0.275165994578501   0.274969637471044   0.274968744962495  13.508079621454947  13.508079621454927  13.508079621454893
   0.275576638028492   0.274968745022767  13.508079621454957   0.916638374964870  13.508079621454968  13.508079621454984
   0.275076343797756   0.442064651452020   2.187103748477960   0.274968744962495  13.508079621454854  13.508079621454950
   0.274968746119431  13.508079621454984   0.274968744962495   0.353419069650380   0.274968744962495  13.508079621454996
   0.275573518167020   0.274968744962495   0.274968744962495  13.508079621454886   1.076396448721452   0.423469827385979
   0.482683244069062  13.508079621454975   0.368636481419321   1.629055863111292   1.080179193965776  13.508079621454973
   0.480917237063879  13.508079621454923   0.309405974853780  13.508079621454995   0.432835776275066   0.274968744962495
   0.480362940298451   0.274968744962495   0.287234972152869   0.274968744962495  13.508079621454893   0.289375966926235
   0.521483645044527  13.508079621454955   0.338934475461314   0.466290879557201  13.508079621454993   1.481872925902286
   0.275300523769929   0.288499955535839  13.345880214627906   0.274968744962495   2.633765821575455   0.274977344570356
   0.274968789812447   0.289728308941075  13.508079621454835   1.629058253579328   0.274968744962495  13.508079621454987
   0.425940758444839   0.580084713966309   0.435511735077070   0.900902574382176   0.274968744962495   0.290462623935973


corrida =

    24


Solutions =

   0.476587008605526   0.287520591291665   0.458256750447563   1.629404650015740   0.274968744962495   1.892659890165208
  13.508079621455014   0.274968744962495  13.508079621454828   0.929088003982871   0.275428498593806  13.508079621454979
   0.450297101327792   0.443417479407554   1.629055748311026  13.508079621454909  13.508079621454943   0.338934475461315
   0.275773117426577   0.275278326386622   0.274968744962495  13.508079621454987   0.668513057101844   0.274968744962495
   0.444135764205284   2.637949544875527  13.508079621454995   0.458256750447560   0.463474247941233   0.274968744962495
   0.480711185863457   0.278588937087821  13.508079621455169  13.508079621454920  13.508079621454993  13.508079621454955
   0.274984218046315  13.508079621454955   0.426651392324911  10.701105586074007   0.274968744962502  13.508079621454756
   0.648110627962778   0.423983776148761  13.508079621454934   0.274968744962495   0.274968744962495   0.338934475461315
   0.425940758444839  13.508079621454979   0.888931624374190   0.274968744962495  13.508079621454920   0.413972819061538
   0.275620178913009  13.508079621454998  13.508079621454867   0.274968744962501   0.338934475461313   1.447152861805401
   0.544720019276352   0.458257221350747   0.289200188353596   0.758525200995596   0.274968744962495   0.274975386343095
   0.275165994578501   0.274969637471044   0.274968744962495  13.508079621454947  13.508079621454927  13.508079621454893
   0.275576638028492   0.274968745022767  13.508079621454957   0.916638374964870  13.508079621454968  13.508079621454984
   0.275076343797756   0.442064651452020   2.187103748477960   0.274968744962495  13.508079621454854  13.508079621454950
   0.274968746119431  13.508079621454984   0.274968744962495   0.353419069650380   0.274968744962495  13.508079621454996
   0.275573518167020   0.274968744962495   0.274968744962495  13.508079621454886   1.076396448721452   0.423469827385979
   0.482683244069062  13.508079621454975   0.368636481419321   1.629055863111292   1.080179193965776  13.508079621454973
   0.480917237063879  13.508079621454923   0.309405974853780  13.508079621454995   0.432835776275066   0.274968744962495
   0.480362940298451   0.274968744962495   0.287234972152869   0.274968744962495  13.508079621454893   0.289375966926235
   0.521483645044527  13.508079621454955   0.338934475461314   0.466290879557201  13.508079621454993   1.481872925902286
   0.275300523769929   0.288499955535839  13.345880214627906   0.274968744962495   2.633765821575455   0.274977344570356
   0.274968789812447   0.289728308941075  13.508079621454835   1.629058253579328   0.274968744962495  13.508079621454987
   0.425940758444839   0.580084713966309   0.435511735077070   0.900902574382176   0.274968744962495   0.290462623935973
   0.308467996081708   0.324089077283860   0.805531108811080   0.274968744962495  13.508079621454867  13.508079621454979


corrida =

    25


Solutions =

   0.476587008605526   0.287520591291665   0.458256750447563   1.629404650015740   0.274968744962495   1.892659890165208
  13.508079621455014   0.274968744962495  13.508079621454828   0.929088003982871   0.275428498593806  13.508079621454979
   0.450297101327792   0.443417479407554   1.629055748311026  13.508079621454909  13.508079621454943   0.338934475461315
   0.275773117426577   0.275278326386622   0.274968744962495  13.508079621454987   0.668513057101844   0.274968744962495
   0.444135764205284   2.637949544875527  13.508079621454995   0.458256750447560   0.463474247941233   0.274968744962495
   0.480711185863457   0.278588937087821  13.508079621455169  13.508079621454920  13.508079621454993  13.508079621454955
   0.274984218046315  13.508079621454955   0.426651392324911  10.701105586074007   0.274968744962502  13.508079621454756
   0.648110627962778   0.423983776148761  13.508079621454934   0.274968744962495   0.274968744962495   0.338934475461315
   0.425940758444839  13.508079621454979   0.888931624374190   0.274968744962495  13.508079621454920   0.413972819061538
   0.275620178913009  13.508079621454998  13.508079621454867   0.274968744962501   0.338934475461313   1.447152861805401
   0.544720019276352   0.458257221350747   0.289200188353596   0.758525200995596   0.274968744962495   0.274975386343095
   0.275165994578501   0.274969637471044   0.274968744962495  13.508079621454947  13.508079621454927  13.508079621454893
   0.275576638028492   0.274968745022767  13.508079621454957   0.916638374964870  13.508079621454968  13.508079621454984
   0.275076343797756   0.442064651452020   2.187103748477960   0.274968744962495  13.508079621454854  13.508079621454950
   0.274968746119431  13.508079621454984   0.274968744962495   0.353419069650380   0.274968744962495  13.508079621454996
   0.275573518167020   0.274968744962495   0.274968744962495  13.508079621454886   1.076396448721452   0.423469827385979
   0.482683244069062  13.508079621454975   0.368636481419321   1.629055863111292   1.080179193965776  13.508079621454973
   0.480917237063879  13.508079621454923   0.309405974853780  13.508079621454995   0.432835776275066   0.274968744962495
   0.480362940298451   0.274968744962495   0.287234972152869   0.274968744962495  13.508079621454893   0.289375966926235
   0.521483645044527  13.508079621454955   0.338934475461314   0.466290879557201  13.508079621454993   1.481872925902286
   0.275300523769929   0.288499955535839  13.345880214627906   0.274968744962495   2.633765821575455   0.274977344570356
   0.274968789812447   0.289728308941075  13.508079621454835   1.629058253579328   0.274968744962495  13.508079621454987
   0.425940758444839   0.580084713966309   0.435511735077070   0.900902574382176   0.274968744962495   0.290462623935973
   0.308467996081708   0.324089077283860   0.805531108811080   0.274968744962495  13.508079621454867  13.508079621454979
  13.508079621455000   0.434362664226362  13.508079621454909  13.508079621454756  13.508079621454959   0.274968744962495


corrida =

    26


Solutions =

   0.476587008605526   0.287520591291665   0.458256750447563   1.629404650015740   0.274968744962495   1.892659890165208
  13.508079621455014   0.274968744962495  13.508079621454828   0.929088003982871   0.275428498593806  13.508079621454979
   0.450297101327792   0.443417479407554   1.629055748311026  13.508079621454909  13.508079621454943   0.338934475461315
   0.275773117426577   0.275278326386622   0.274968744962495  13.508079621454987   0.668513057101844   0.274968744962495
   0.444135764205284   2.637949544875527  13.508079621454995   0.458256750447560   0.463474247941233   0.274968744962495
   0.480711185863457   0.278588937087821  13.508079621455169  13.508079621454920  13.508079621454993  13.508079621454955
   0.274984218046315  13.508079621454955   0.426651392324911  10.701105586074007   0.274968744962502  13.508079621454756
   0.648110627962778   0.423983776148761  13.508079621454934   0.274968744962495   0.274968744962495   0.338934475461315
   0.425940758444839  13.508079621454979   0.888931624374190   0.274968744962495  13.508079621454920   0.413972819061538
   0.275620178913009  13.508079621454998  13.508079621454867   0.274968744962501   0.338934475461313   1.447152861805401
   0.544720019276352   0.458257221350747   0.289200188353596   0.758525200995596   0.274968744962495   0.274975386343095
   0.275165994578501   0.274969637471044   0.274968744962495  13.508079621454947  13.508079621454927  13.508079621454893
   0.275576638028492   0.274968745022767  13.508079621454957   0.916638374964870  13.508079621454968  13.508079621454984
   0.275076343797756   0.442064651452020   2.187103748477960   0.274968744962495  13.508079621454854  13.508079621454950
   0.274968746119431  13.508079621454984   0.274968744962495   0.353419069650380   0.274968744962495  13.508079621454996
   0.275573518167020   0.274968744962495   0.274968744962495  13.508079621454886   1.076396448721452   0.423469827385979
   0.482683244069062  13.508079621454975   0.368636481419321   1.629055863111292   1.080179193965776  13.508079621454973
   0.480917237063879  13.508079621454923   0.309405974853780  13.508079621454995   0.432835776275066   0.274968744962495
   0.480362940298451   0.274968744962495   0.287234972152869   0.274968744962495  13.508079621454893   0.289375966926235
   0.521483645044527  13.508079621454955   0.338934475461314   0.466290879557201  13.508079621454993   1.481872925902286
   0.275300523769929   0.288499955535839  13.345880214627906   0.274968744962495   2.633765821575455   0.274977344570356
   0.274968789812447   0.289728308941075  13.508079621454835   1.629058253579328   0.274968744962495  13.508079621454987
   0.425940758444839   0.580084713966309   0.435511735077070   0.900902574382176   0.274968744962495   0.290462623935973
   0.308467996081708   0.324089077283860   0.805531108811080   0.274968744962495  13.508079621454867  13.508079621454979
  13.508079621455000   0.434362664226362  13.508079621454909  13.508079621454756  13.508079621454959   0.274968744962495
   1.629741667972831  13.508079621454819   0.484850877444409  13.508079621454945   0.893257404075953   0.338934475461314


corrida =

    27


Solutions =

   0.476587008605526   0.287520591291665   0.458256750447563   1.629404650015740   0.274968744962495   1.892659890165208
  13.508079621455014   0.274968744962495  13.508079621454828   0.929088003982871   0.275428498593806  13.508079621454979
   0.450297101327792   0.443417479407554   1.629055748311026  13.508079621454909  13.508079621454943   0.338934475461315
   0.275773117426577   0.275278326386622   0.274968744962495  13.508079621454987   0.668513057101844   0.274968744962495
   0.444135764205284   2.637949544875527  13.508079621454995   0.458256750447560   0.463474247941233   0.274968744962495
   0.480711185863457   0.278588937087821  13.508079621455169  13.508079621454920  13.508079621454993  13.508079621454955
   0.274984218046315  13.508079621454955   0.426651392324911  10.701105586074007   0.274968744962502  13.508079621454756
   0.648110627962778   0.423983776148761  13.508079621454934   0.274968744962495   0.274968744962495   0.338934475461315
   0.425940758444839  13.508079621454979   0.888931624374190   0.274968744962495  13.508079621454920   0.413972819061538
   0.275620178913009  13.508079621454998  13.508079621454867   0.274968744962501   0.338934475461313   1.447152861805401
   0.544720019276352   0.458257221350747   0.289200188353596   0.758525200995596   0.274968744962495   0.274975386343095
   0.275165994578501   0.274969637471044   0.274968744962495  13.508079621454947  13.508079621454927  13.508079621454893
   0.275576638028492   0.274968745022767  13.508079621454957   0.916638374964870  13.508079621454968  13.508079621454984
   0.275076343797756   0.442064651452020   2.187103748477960   0.274968744962495  13.508079621454854  13.508079621454950
   0.274968746119431  13.508079621454984   0.274968744962495   0.353419069650380   0.274968744962495  13.508079621454996
   0.275573518167020   0.274968744962495   0.274968744962495  13.508079621454886   1.076396448721452   0.423469827385979
   0.482683244069062  13.508079621454975   0.368636481419321   1.629055863111292   1.080179193965776  13.508079621454973
   0.480917237063879  13.508079621454923   0.309405974853780  13.508079621454995   0.432835776275066   0.274968744962495
   0.480362940298451   0.274968744962495   0.287234972152869   0.274968744962495  13.508079621454893   0.289375966926235
   0.521483645044527  13.508079621454955   0.338934475461314   0.466290879557201  13.508079621454993   1.481872925902286
   0.275300523769929   0.288499955535839  13.345880214627906   0.274968744962495   2.633765821575455   0.274977344570356
   0.274968789812447   0.289728308941075  13.508079621454835   1.629058253579328   0.274968744962495  13.508079621454987
   0.425940758444839   0.580084713966309   0.435511735077070   0.900902574382176   0.274968744962495   0.290462623935973
   0.308467996081708   0.324089077283860   0.805531108811080   0.274968744962495  13.508079621454867  13.508079621454979
  13.508079621455000   0.434362664226362  13.508079621454909  13.508079621454756  13.508079621454959   0.274968744962495
   1.629741667972831  13.508079621454819   0.484850877444409  13.508079621454945   0.893257404075953   0.338934475461314
   1.629310775238195   0.274968744962495  13.508079621454918   0.423754083974305   0.425267908058577   0.274968744962495


corrida =

    28


Solutions =

   0.476587008605526   0.287520591291665   0.458256750447563   1.629404650015740   0.274968744962495   1.892659890165208
  13.508079621455014   0.274968744962495  13.508079621454828   0.929088003982871   0.275428498593806  13.508079621454979
   0.450297101327792   0.443417479407554   1.629055748311026  13.508079621454909  13.508079621454943   0.338934475461315
   0.275773117426577   0.275278326386622   0.274968744962495  13.508079621454987   0.668513057101844   0.274968744962495
   0.444135764205284   2.637949544875527  13.508079621454995   0.458256750447560   0.463474247941233   0.274968744962495
   0.480711185863457   0.278588937087821  13.508079621455169  13.508079621454920  13.508079621454993  13.508079621454955
   0.274984218046315  13.508079621454955   0.426651392324911  10.701105586074007   0.274968744962502  13.508079621454756
   0.648110627962778   0.423983776148761  13.508079621454934   0.274968744962495   0.274968744962495   0.338934475461315
   0.425940758444839  13.508079621454979   0.888931624374190   0.274968744962495  13.508079621454920   0.413972819061538
   0.275620178913009  13.508079621454998  13.508079621454867   0.274968744962501   0.338934475461313   1.447152861805401
   0.544720019276352   0.458257221350747   0.289200188353596   0.758525200995596   0.274968744962495   0.274975386343095
   0.275165994578501   0.274969637471044   0.274968744962495  13.508079621454947  13.508079621454927  13.508079621454893
   0.275576638028492   0.274968745022767  13.508079621454957   0.916638374964870  13.508079621454968  13.508079621454984
   0.275076343797756   0.442064651452020   2.187103748477960   0.274968744962495  13.508079621454854  13.508079621454950
   0.274968746119431  13.508079621454984   0.274968744962495   0.353419069650380   0.274968744962495  13.508079621454996
   0.275573518167020   0.274968744962495   0.274968744962495  13.508079621454886   1.076396448721452   0.423469827385979
   0.482683244069062  13.508079621454975   0.368636481419321   1.629055863111292   1.080179193965776  13.508079621454973
   0.480917237063879  13.508079621454923   0.309405974853780  13.508079621454995   0.432835776275066   0.274968744962495
   0.480362940298451   0.274968744962495   0.287234972152869   0.274968744962495  13.508079621454893   0.289375966926235
   0.521483645044527  13.508079621454955   0.338934475461314   0.466290879557201  13.508079621454993   1.481872925902286
   0.275300523769929   0.288499955535839  13.345880214627906   0.274968744962495   2.633765821575455   0.274977344570356
   0.274968789812447   0.289728308941075  13.508079621454835   1.629058253579328   0.274968744962495  13.508079621454987
   0.425940758444839   0.580084713966309   0.435511735077070   0.900902574382176   0.274968744962495   0.290462623935973
   0.308467996081708   0.324089077283860   0.805531108811080   0.274968744962495  13.508079621454867  13.508079621454979
  13.508079621455000   0.434362664226362  13.508079621454909  13.508079621454756  13.508079621454959   0.274968744962495
   1.629741667972831  13.508079621454819   0.484850877444409  13.508079621454945   0.893257404075953   0.338934475461314
   1.629310775238195   0.274968744962495  13.508079621454918   0.423754083974305   0.425267908058577   0.274968744962495
   0.280103087103309  13.508079621454996  13.508079621454996   1.841959349330922   0.274968744962495   0.338934475461314


corrida =

    29


Solutions =

   0.476587008605526   0.287520591291665   0.458256750447563   1.629404650015740   0.274968744962495   1.892659890165208
  13.508079621455014   0.274968744962495  13.508079621454828   0.929088003982871   0.275428498593806  13.508079621454979
   0.450297101327792   0.443417479407554   1.629055748311026  13.508079621454909  13.508079621454943   0.338934475461315
   0.275773117426577   0.275278326386622   0.274968744962495  13.508079621454987   0.668513057101844   0.274968744962495
   0.444135764205284   2.637949544875527  13.508079621454995   0.458256750447560   0.463474247941233   0.274968744962495
   0.480711185863457   0.278588937087821  13.508079621455169  13.508079621454920  13.508079621454993  13.508079621454955
   0.274984218046315  13.508079621454955   0.426651392324911  10.701105586074007   0.274968744962502  13.508079621454756
   0.648110627962778   0.423983776148761  13.508079621454934   0.274968744962495   0.274968744962495   0.338934475461315
   0.425940758444839  13.508079621454979   0.888931624374190   0.274968744962495  13.508079621454920   0.413972819061538
   0.275620178913009  13.508079621454998  13.508079621454867   0.274968744962501   0.338934475461313   1.447152861805401
   0.544720019276352   0.458257221350747   0.289200188353596   0.758525200995596   0.274968744962495   0.274975386343095
   0.275165994578501   0.274969637471044   0.274968744962495  13.508079621454947  13.508079621454927  13.508079621454893
   0.275576638028492   0.274968745022767  13.508079621454957   0.916638374964870  13.508079621454968  13.508079621454984
   0.275076343797756   0.442064651452020   2.187103748477960   0.274968744962495  13.508079621454854  13.508079621454950
   0.274968746119431  13.508079621454984   0.274968744962495   0.353419069650380   0.274968744962495  13.508079621454996
   0.275573518167020   0.274968744962495   0.274968744962495  13.508079621454886   1.076396448721452   0.423469827385979
   0.482683244069062  13.508079621454975   0.368636481419321   1.629055863111292   1.080179193965776  13.508079621454973
   0.480917237063879  13.508079621454923   0.309405974853780  13.508079621454995   0.432835776275066   0.274968744962495
   0.480362940298451   0.274968744962495   0.287234972152869   0.274968744962495  13.508079621454893   0.289375966926235
   0.521483645044527  13.508079621454955   0.338934475461314   0.466290879557201  13.508079621454993   1.481872925902286
   0.275300523769929   0.288499955535839  13.345880214627906   0.274968744962495   2.633765821575455   0.274977344570356
   0.274968789812447   0.289728308941075  13.508079621454835   1.629058253579328   0.274968744962495  13.508079621454987
   0.425940758444839   0.580084713966309   0.435511735077070   0.900902574382176   0.274968744962495   0.290462623935973
   0.308467996081708   0.324089077283860   0.805531108811080   0.274968744962495  13.508079621454867  13.508079621454979
  13.508079621455000   0.434362664226362  13.508079621454909  13.508079621454756  13.508079621454959   0.274968744962495
   1.629741667972831  13.508079621454819   0.484850877444409  13.508079621454945   0.893257404075953   0.338934475461314
   1.629310775238195   0.274968744962495  13.508079621454918   0.423754083974305   0.425267908058577   0.274968744962495
   0.280103087103309  13.508079621454996  13.508079621454996   1.841959349330922   0.274968744962495   0.338934475461314
   0.275734617348719   0.338934475461317  13.508079621454657   0.899362936109263  13.508079621454941  13.508079621454904


corrida =

    30


Solutions =

   0.476587008605526   0.287520591291665   0.458256750447563   1.629404650015740   0.274968744962495   1.892659890165208
  13.508079621455014   0.274968744962495  13.508079621454828   0.929088003982871   0.275428498593806  13.508079621454979
   0.450297101327792   0.443417479407554   1.629055748311026  13.508079621454909  13.508079621454943   0.338934475461315
   0.275773117426577   0.275278326386622   0.274968744962495  13.508079621454987   0.668513057101844   0.274968744962495
   0.444135764205284   2.637949544875527  13.508079621454995   0.458256750447560   0.463474247941233   0.274968744962495
   0.480711185863457   0.278588937087821  13.508079621455169  13.508079621454920  13.508079621454993  13.508079621454955
   0.274984218046315  13.508079621454955   0.426651392324911  10.701105586074007   0.274968744962502  13.508079621454756
   0.648110627962778   0.423983776148761  13.508079621454934   0.274968744962495   0.274968744962495   0.338934475461315
   0.425940758444839  13.508079621454979   0.888931624374190   0.274968744962495  13.508079621454920   0.413972819061538
   0.275620178913009  13.508079621454998  13.508079621454867   0.274968744962501   0.338934475461313   1.447152861805401
   0.544720019276352   0.458257221350747   0.289200188353596   0.758525200995596   0.274968744962495   0.274975386343095
   0.275165994578501   0.274969637471044   0.274968744962495  13.508079621454947  13.508079621454927  13.508079621454893
   0.275576638028492   0.274968745022767  13.508079621454957   0.916638374964870  13.508079621454968  13.508079621454984
   0.275076343797756   0.442064651452020   2.187103748477960   0.274968744962495  13.508079621454854  13.508079621454950
   0.274968746119431  13.508079621454984   0.274968744962495   0.353419069650380   0.274968744962495  13.508079621454996
   0.275573518167020   0.274968744962495   0.274968744962495  13.508079621454886   1.076396448721452   0.423469827385979
   0.482683244069062  13.508079621454975   0.368636481419321   1.629055863111292   1.080179193965776  13.508079621454973
   0.480917237063879  13.508079621454923   0.309405974853780  13.508079621454995   0.432835776275066   0.274968744962495
   0.480362940298451   0.274968744962495   0.287234972152869   0.274968744962495  13.508079621454893   0.289375966926235
   0.521483645044527  13.508079621454955   0.338934475461314   0.466290879557201  13.508079621454993   1.481872925902286
   0.275300523769929   0.288499955535839  13.345880214627906   0.274968744962495   2.633765821575455   0.274977344570356
   0.274968789812447   0.289728308941075  13.508079621454835   1.629058253579328   0.274968744962495  13.508079621454987
   0.425940758444839   0.580084713966309   0.435511735077070   0.900902574382176   0.274968744962495   0.290462623935973
   0.308467996081708   0.324089077283860   0.805531108811080   0.274968744962495  13.508079621454867  13.508079621454979
  13.508079621455000   0.434362664226362  13.508079621454909  13.508079621454756  13.508079621454959   0.274968744962495
   1.629741667972831  13.508079621454819   0.484850877444409  13.508079621454945   0.893257404075953   0.338934475461314
   1.629310775238195   0.274968744962495  13.508079621454918   0.423754083974305   0.425267908058577   0.274968744962495
   0.280103087103309  13.508079621454996  13.508079621454996   1.841959349330922   0.274968744962495   0.338934475461314
   0.275734617348719   0.338934475461317  13.508079621454657   0.899362936109263  13.508079621454941  13.508079621454904
   0.481314268863800   1.734232978120525  13.508079621454765   0.274968744962495   0.274979019858081  13.508079621454989


corrida =

    31


Solutions =

   0.476587008605526   0.287520591291665   0.458256750447563   1.629404650015740   0.274968744962495   1.892659890165208
  13.508079621455014   0.274968744962495  13.508079621454828   0.929088003982871   0.275428498593806  13.508079621454979
   0.450297101327792   0.443417479407554   1.629055748311026  13.508079621454909  13.508079621454943   0.338934475461315
   0.275773117426577   0.275278326386622   0.274968744962495  13.508079621454987   0.668513057101844   0.274968744962495
   0.444135764205284   2.637949544875527  13.508079621454995   0.458256750447560   0.463474247941233   0.274968744962495
   0.480711185863457   0.278588937087821  13.508079621455169  13.508079621454920  13.508079621454993  13.508079621454955
   0.274984218046315  13.508079621454955   0.426651392324911  10.701105586074007   0.274968744962502  13.508079621454756
   0.648110627962778   0.423983776148761  13.508079621454934   0.274968744962495   0.274968744962495   0.338934475461315
   0.425940758444839  13.508079621454979   0.888931624374190   0.274968744962495  13.508079621454920   0.413972819061538
   0.275620178913009  13.508079621454998  13.508079621454867   0.274968744962501   0.338934475461313   1.447152861805401
   0.544720019276352   0.458257221350747   0.289200188353596   0.758525200995596   0.274968744962495   0.274975386343095
   0.275165994578501   0.274969637471044   0.274968744962495  13.508079621454947  13.508079621454927  13.508079621454893
   0.275576638028492   0.274968745022767  13.508079621454957   0.916638374964870  13.508079621454968  13.508079621454984
   0.275076343797756   0.442064651452020   2.187103748477960   0.274968744962495  13.508079621454854  13.508079621454950
   0.274968746119431  13.508079621454984   0.274968744962495   0.353419069650380   0.274968744962495  13.508079621454996
   0.275573518167020   0.274968744962495   0.274968744962495  13.508079621454886   1.076396448721452   0.423469827385979
   0.482683244069062  13.508079621454975   0.368636481419321   1.629055863111292   1.080179193965776  13.508079621454973
   0.480917237063879  13.508079621454923   0.309405974853780  13.508079621454995   0.432835776275066   0.274968744962495
   0.480362940298451   0.274968744962495   0.287234972152869   0.274968744962495  13.508079621454893   0.289375966926235
   0.521483645044527  13.508079621454955   0.338934475461314   0.466290879557201  13.508079621454993   1.481872925902286
   0.275300523769929   0.288499955535839  13.345880214627906   0.274968744962495   2.633765821575455   0.274977344570356
   0.274968789812447   0.289728308941075  13.508079621454835   1.629058253579328   0.274968744962495  13.508079621454987
   0.425940758444839   0.580084713966309   0.435511735077070   0.900902574382176   0.274968744962495   0.290462623935973
   0.308467996081708   0.324089077283860   0.805531108811080   0.274968744962495  13.508079621454867  13.508079621454979
  13.508079621455000   0.434362664226362  13.508079621454909  13.508079621454756  13.508079621454959   0.274968744962495
   1.629741667972831  13.508079621454819   0.484850877444409  13.508079621454945   0.893257404075953   0.338934475461314
   1.629310775238195   0.274968744962495  13.508079621454918   0.423754083974305   0.425267908058577   0.274968744962495
   0.280103087103309  13.508079621454996  13.508079621454996   1.841959349330922   0.274968744962495   0.338934475461314
   0.275734617348719   0.338934475461317  13.508079621454657   0.899362936109263  13.508079621454941  13.508079621454904
   0.481314268863800   1.734232978120525  13.508079621454765   0.274968744962495   0.274979019858081  13.508079621454989
   1.108898329266430   0.338934475461314  13.508079621454890  13.508079621454899   0.274968744962495   0.274968744962495

ALGORTIMO 1

mejor =

   0.274968746119431


peor =

  13.508079621455014


mediana =

   0.444135764205284


promedio =

   1.333697688517783


desviacion =

   3.268432806933837

ALGORTIMO 2

mejor =

   0.274968744962495


peor =

  13.508079621454998


mediana =

   0.434362664226362


promedio =

   4.283821197820507


desviacion =

   6.016073110152422

ALGORTIMO 3

mejor =

   0.274968744962495


peor =

  13.508079621455169


mediana =

   1.629055748311026


promedio =

   6.418067591964539


desviacion =

   6.541580223377613

ALGORTIMO 4

mejor =

   0.274968744962495


peor =

  13.508079621454995


mediana =

   0.916638374964870


promedio =

   4.751912520289347


desviacion =

   5.981410660743127

ALGORTIMO 5

mejor =

   0.274968744962495


peor =

  13.508079621454993


mediana =

   0.668513057101844


promedio =

   5.149246012654688


desviacion =

   6.317252521661068

ALGORTIMO 6

mejor =

   0.274968744962495


peor =

  13.508079621454996


mediana =

   0.423469827385979


promedio =

   5.544884692747602


desviacion =

   6.444522199445755

******* Friedman Test results ********

p =

   0.949851889074711


tbl = 

    'Source'     'SS'                       'df'     'MS'                   'Chi-sq'               'Prob>Chi-sq'      
    'Columns'    [                    4]    [  5]    [0.800000000000000]    [1.147086031452359]    [0.949851889074711]
    'Error'      [5.365000000000000e+02]    [150]    [3.576666666666667]                     []                     []
    'Total'      [5.405000000000000e+02]    [185]                     []                     []                     []


stats = 

       source: 'friedman'
            n: 31
    meanranks: [3.225806451612903 3.516129032258065 3.725806451612903 3.548387096774194 3.483870967741936 3.500000000000000]
        sigma: 1.867376976990331

******* Bonferrony Test results ******
Note: Intervals can be used for testing but are not simultaneous confidence intervals.

results =

   1.000000000000000   2.000000000000000  -1.682529446255848  -0.290322580645161   1.101884284965525
   1.000000000000000   3.000000000000000  -1.892206865610686  -0.500000000000000   0.892206865610686
   1.000000000000000   4.000000000000000  -1.714787510771977  -0.322580645161290   1.069626220449396
   1.000000000000000   5.000000000000000  -1.650271381739719  -0.258064516129032   1.134142349481654
   1.000000000000000   6.000000000000000  -1.666400413997783  -0.274193548387097   1.118013317223589
   2.000000000000000   3.000000000000000  -1.601884284965525  -0.209677419354839   1.182529446255848
   2.000000000000000   4.000000000000000  -1.424464930126815  -0.032258064516129   1.359948801094557
   2.000000000000000   5.000000000000000  -1.359948801094557   0.032258064516129   1.424464930126815
   2.000000000000000   6.000000000000000  -1.376077833352622   0.016129032258065   1.408335897868751
   3.000000000000000   4.000000000000000  -1.214787510771977   0.177419354838710   1.569626220449396
   3.000000000000000   5.000000000000000  -1.150271381739719   0.241935483870968   1.634142349481654
   3.000000000000000   6.000000000000000  -1.166400413997783   0.225806451612903   1.618013317223589
   4.000000000000000   5.000000000000000  -1.327690736578428   0.064516129032258   1.456722994642944
   4.000000000000000   6.000000000000000  -1.343819768836493   0.048387096774194   1.440593962384880
   5.000000000000000   6.000000000000000  -1.408335897868751  -0.016129032258065   1.376077833352622


means =

   3.225806451612903   0.335390805950194
   3.516129032258065   0.335390805950194
   3.725806451612903   0.335390805950194
   3.548387096774194   0.335390805950194
   3.483870967741936   0.335390805950194
   3.500000000000000   0.335390805950194


h =

     2

>> 