>> graficas_convergencia
Warning: Directory already exists. 
> In graficas_convergencia at 108 
Warning: Directory already exists. 
> In graficas_convergencia at 111 
Warning: Directory already exists. 
> In graficas_convergencia at 114 
Warning: Directory already exists. 
> In graficas_convergencia at 117 

Problema =

     5


Evaluaciones =

      450018


N =

    14


Cantidad_Simplex =

     9


Poblacion =

   135


corrida =

     1


Solutions =

   0.114767637538317   0.161378659138566   0.115454871747234   0.113852426187907   0.113852426187907   0.113852426187908


corrida =

     2


Solutions =

   0.114767637538317   0.161378659138566   0.115454871747234   0.113852426187907   0.113852426187907   0.113852426187908
   0.114144059556621   0.114087055561682   0.155740373496400   0.153675540557906   0.154532505171396   0.157063594297386


corrida =

     3


Solutions =

   0.114767637538317   0.161378659138566   0.115454871747234   0.113852426187907   0.113852426187907   0.113852426187908
   0.114144059556621   0.114087055561682   0.155740373496400   0.153675540557906   0.154532505171396   0.157063594297386
   0.113870769681514   0.152424753167625   0.157028502555991   0.113852426187908   0.113852426187907   0.113852426187907


corrida =

     4


Solutions =

   0.114767637538317   0.161378659138566   0.115454871747234   0.113852426187907   0.113852426187907   0.113852426187908
   0.114144059556621   0.114087055561682   0.155740373496400   0.153675540557906   0.154532505171396   0.157063594297386
   0.113870769681514   0.152424753167625   0.157028502555991   0.113852426187908   0.113852426187907   0.113852426187907
   0.114328212553031   0.153994365678988   0.113852426187907   0.157875685215111   0.113874131649710   0.113852429607313


corrida =

     5


Solutions =

   0.114767637538317   0.161378659138566   0.115454871747234   0.113852426187907   0.113852426187907   0.113852426187908
   0.114144059556621   0.114087055561682   0.155740373496400   0.153675540557906   0.154532505171396   0.157063594297386
   0.113870769681514   0.152424753167625   0.157028502555991   0.113852426187908   0.113852426187907   0.113852426187907
   0.114328212553031   0.153994365678988   0.113852426187907   0.157875685215111   0.113874131649710   0.113852429607313
   0.121912230028313   0.154863079071167   0.113852426187907   0.113852490506582   0.113852426187907   0.152042165974055


corrida =

     6


Solutions =

   0.114767637538317   0.161378659138566   0.115454871747234   0.113852426187907   0.113852426187907   0.113852426187908
   0.114144059556621   0.114087055561682   0.155740373496400   0.153675540557906   0.154532505171396   0.157063594297386
   0.113870769681514   0.152424753167625   0.157028502555991   0.113852426187908   0.113852426187907   0.113852426187907
   0.114328212553031   0.153994365678988   0.113852426187907   0.157875685215111   0.113874131649710   0.113852429607313
   0.121912230028313   0.154863079071167   0.113852426187907   0.113852490506582   0.113852426187907   0.152042165974055
   0.113891192631340   0.147416545164467   0.151988389186478   0.113852426187907   0.122047644040151   0.113852426187907


corrida =

     7


Solutions =

   0.114767637538317   0.161378659138566   0.115454871747234   0.113852426187907   0.113852426187907   0.113852426187908
   0.114144059556621   0.114087055561682   0.155740373496400   0.153675540557906   0.154532505171396   0.157063594297386
   0.113870769681514   0.152424753167625   0.157028502555991   0.113852426187908   0.113852426187907   0.113852426187907
   0.114328212553031   0.153994365678988   0.113852426187907   0.157875685215111   0.113874131649710   0.113852429607313
   0.121912230028313   0.154863079071167   0.113852426187907   0.113852490506582   0.113852426187907   0.152042165974055
   0.113891192631340   0.147416545164467   0.151988389186478   0.113852426187907   0.122047644040151   0.113852426187907
   0.118303994831011   0.117064189301224   0.113852426187907   0.113852426187907   0.113852426187907   0.113852426187907


corrida =

     8


Solutions =

   0.114767637538317   0.161378659138566   0.115454871747234   0.113852426187907   0.113852426187907   0.113852426187908
   0.114144059556621   0.114087055561682   0.155740373496400   0.153675540557906   0.154532505171396   0.157063594297386
   0.113870769681514   0.152424753167625   0.157028502555991   0.113852426187908   0.113852426187907   0.113852426187907
   0.114328212553031   0.153994365678988   0.113852426187907   0.157875685215111   0.113874131649710   0.113852429607313
   0.121912230028313   0.154863079071167   0.113852426187907   0.113852490506582   0.113852426187907   0.152042165974055
   0.113891192631340   0.147416545164467   0.151988389186478   0.113852426187907   0.122047644040151   0.113852426187907
   0.118303994831011   0.117064189301224   0.113852426187907   0.113852426187907   0.113852426187907   0.113852426187907
   0.157155202964726   0.119959157019858   0.154829928429016   0.156309157709503   0.113852426187907   0.113852426187907


corrida =

     9


Solutions =

   0.114767637538317   0.161378659138566   0.115454871747234   0.113852426187907   0.113852426187907   0.113852426187908
   0.114144059556621   0.114087055561682   0.155740373496400   0.153675540557906   0.154532505171396   0.157063594297386
   0.113870769681514   0.152424753167625   0.157028502555991   0.113852426187908   0.113852426187907   0.113852426187907
   0.114328212553031   0.153994365678988   0.113852426187907   0.157875685215111   0.113874131649710   0.113852429607313
   0.121912230028313   0.154863079071167   0.113852426187907   0.113852490506582   0.113852426187907   0.152042165974055
   0.113891192631340   0.147416545164467   0.151988389186478   0.113852426187907   0.122047644040151   0.113852426187907
   0.118303994831011   0.117064189301224   0.113852426187907   0.113852426187907   0.113852426187907   0.113852426187907
   0.157155202964726   0.119959157019858   0.154829928429016   0.156309157709503   0.113852426187907   0.113852426187907
   0.114286094360533   0.113918382907538   0.117259062344329   0.152065299451095   0.113852426187907   0.156362470142049


corrida =

    10


Solutions =

   0.114767637538317   0.161378659138566   0.115454871747234   0.113852426187907   0.113852426187907   0.113852426187908
   0.114144059556621   0.114087055561682   0.155740373496400   0.153675540557906   0.154532505171396   0.157063594297386
   0.113870769681514   0.152424753167625   0.157028502555991   0.113852426187908   0.113852426187907   0.113852426187907
   0.114328212553031   0.153994365678988   0.113852426187907   0.157875685215111   0.113874131649710   0.113852429607313
   0.121912230028313   0.154863079071167   0.113852426187907   0.113852490506582   0.113852426187907   0.152042165974055
   0.113891192631340   0.147416545164467   0.151988389186478   0.113852426187907   0.122047644040151   0.113852426187907
   0.118303994831011   0.117064189301224   0.113852426187907   0.113852426187907   0.113852426187907   0.113852426187907
   0.157155202964726   0.119959157019858   0.154829928429016   0.156309157709503   0.113852426187907   0.113852426187907
   0.114286094360533   0.113918382907538   0.117259062344329   0.152065299451095   0.113852426187907   0.156362470142049
   0.114749664752831   0.113909694463323   0.157085718507182   0.152143500898578   0.152111928666159   0.113852426187907


corrida =

    11


Solutions =

   0.114767637538317   0.161378659138566   0.115454871747234   0.113852426187907   0.113852426187907   0.113852426187908
   0.114144059556621   0.114087055561682   0.155740373496400   0.153675540557906   0.154532505171396   0.157063594297386
   0.113870769681514   0.152424753167625   0.157028502555991   0.113852426187908   0.113852426187907   0.113852426187907
   0.114328212553031   0.153994365678988   0.113852426187907   0.157875685215111   0.113874131649710   0.113852429607313
   0.121912230028313   0.154863079071167   0.113852426187907   0.113852490506582   0.113852426187907   0.152042165974055
   0.113891192631340   0.147416545164467   0.151988389186478   0.113852426187907   0.122047644040151   0.113852426187907
   0.118303994831011   0.117064189301224   0.113852426187907   0.113852426187907   0.113852426187907   0.113852426187907
   0.157155202964726   0.119959157019858   0.154829928429016   0.156309157709503   0.113852426187907   0.113852426187907
   0.114286094360533   0.113918382907538   0.117259062344329   0.152065299451095   0.113852426187907   0.156362470142049
   0.114749664752831   0.113909694463323   0.157085718507182   0.152143500898578   0.152111928666159   0.113852426187907
   0.114571795783822   0.115988475392023   0.113852426187907   0.159049887887303   0.113852426187907   0.113852426187908


corrida =

    12


Solutions =

   0.114767637538317   0.161378659138566   0.115454871747234   0.113852426187907   0.113852426187907   0.113852426187908
   0.114144059556621   0.114087055561682   0.155740373496400   0.153675540557906   0.154532505171396   0.157063594297386
   0.113870769681514   0.152424753167625   0.157028502555991   0.113852426187908   0.113852426187907   0.113852426187907
   0.114328212553031   0.153994365678988   0.113852426187907   0.157875685215111   0.113874131649710   0.113852429607313
   0.121912230028313   0.154863079071167   0.113852426187907   0.113852490506582   0.113852426187907   0.152042165974055
   0.113891192631340   0.147416545164467   0.151988389186478   0.113852426187907   0.122047644040151   0.113852426187907
   0.118303994831011   0.117064189301224   0.113852426187907   0.113852426187907   0.113852426187907   0.113852426187907
   0.157155202964726   0.119959157019858   0.154829928429016   0.156309157709503   0.113852426187907   0.113852426187907
   0.114286094360533   0.113918382907538   0.117259062344329   0.152065299451095   0.113852426187907   0.156362470142049
   0.114749664752831   0.113909694463323   0.157085718507182   0.152143500898578   0.152111928666159   0.113852426187907
   0.114571795783822   0.115988475392023   0.113852426187907   0.159049887887303   0.113852426187907   0.113852426187908
   0.114538999606560   0.157267690172501   0.113852426187907   0.113852426187907   0.113852426187907   0.156669430660776


corrida =

    13


Solutions =

   0.114767637538317   0.161378659138566   0.115454871747234   0.113852426187907   0.113852426187907   0.113852426187908
   0.114144059556621   0.114087055561682   0.155740373496400   0.153675540557906   0.154532505171396   0.157063594297386
   0.113870769681514   0.152424753167625   0.157028502555991   0.113852426187908   0.113852426187907   0.113852426187907
   0.114328212553031   0.153994365678988   0.113852426187907   0.157875685215111   0.113874131649710   0.113852429607313
   0.121912230028313   0.154863079071167   0.113852426187907   0.113852490506582   0.113852426187907   0.152042165974055
   0.113891192631340   0.147416545164467   0.151988389186478   0.113852426187907   0.122047644040151   0.113852426187907
   0.118303994831011   0.117064189301224   0.113852426187907   0.113852426187907   0.113852426187907   0.113852426187907
   0.157155202964726   0.119959157019858   0.154829928429016   0.156309157709503   0.113852426187907   0.113852426187907
   0.114286094360533   0.113918382907538   0.117259062344329   0.152065299451095   0.113852426187907   0.156362470142049
   0.114749664752831   0.113909694463323   0.157085718507182   0.152143500898578   0.152111928666159   0.113852426187907
   0.114571795783822   0.115988475392023   0.113852426187907   0.159049887887303   0.113852426187907   0.113852426187908
   0.114538999606560   0.157267690172501   0.113852426187907   0.113852426187907   0.113852426187907   0.156669430660776
   0.164333426334149   0.121656388878719   0.113852426187907   0.113852426188510   0.113852426187908   0.152797627709071


corrida =

    14


Solutions =

   0.114767637538317   0.161378659138566   0.115454871747234   0.113852426187907   0.113852426187907   0.113852426187908
   0.114144059556621   0.114087055561682   0.155740373496400   0.153675540557906   0.154532505171396   0.157063594297386
   0.113870769681514   0.152424753167625   0.157028502555991   0.113852426187908   0.113852426187907   0.113852426187907
   0.114328212553031   0.153994365678988   0.113852426187907   0.157875685215111   0.113874131649710   0.113852429607313
   0.121912230028313   0.154863079071167   0.113852426187907   0.113852490506582   0.113852426187907   0.152042165974055
   0.113891192631340   0.147416545164467   0.151988389186478   0.113852426187907   0.122047644040151   0.113852426187907
   0.118303994831011   0.117064189301224   0.113852426187907   0.113852426187907   0.113852426187907   0.113852426187907
   0.157155202964726   0.119959157019858   0.154829928429016   0.156309157709503   0.113852426187907   0.113852426187907
   0.114286094360533   0.113918382907538   0.117259062344329   0.152065299451095   0.113852426187907   0.156362470142049
   0.114749664752831   0.113909694463323   0.157085718507182   0.152143500898578   0.152111928666159   0.113852426187907
   0.114571795783822   0.115988475392023   0.113852426187907   0.159049887887303   0.113852426187907   0.113852426187908
   0.114538999606560   0.157267690172501   0.113852426187907   0.113852426187907   0.113852426187907   0.156669430660776
   0.164333426334149   0.121656388878719   0.113852426187907   0.113852426188510   0.113852426187908   0.152797627709071
   0.115291735321106   0.113852428024157   0.153904300357292   0.113852426187907   0.113852426187907   0.152039042096871


corrida =

    15


Solutions =

   0.114767637538317   0.161378659138566   0.115454871747234   0.113852426187907   0.113852426187907   0.113852426187908
   0.114144059556621   0.114087055561682   0.155740373496400   0.153675540557906   0.154532505171396   0.157063594297386
   0.113870769681514   0.152424753167625   0.157028502555991   0.113852426187908   0.113852426187907   0.113852426187907
   0.114328212553031   0.153994365678988   0.113852426187907   0.157875685215111   0.113874131649710   0.113852429607313
   0.121912230028313   0.154863079071167   0.113852426187907   0.113852490506582   0.113852426187907   0.152042165974055
   0.113891192631340   0.147416545164467   0.151988389186478   0.113852426187907   0.122047644040151   0.113852426187907
   0.118303994831011   0.117064189301224   0.113852426187907   0.113852426187907   0.113852426187907   0.113852426187907
   0.157155202964726   0.119959157019858   0.154829928429016   0.156309157709503   0.113852426187907   0.113852426187907
   0.114286094360533   0.113918382907538   0.117259062344329   0.152065299451095   0.113852426187907   0.156362470142049
   0.114749664752831   0.113909694463323   0.157085718507182   0.152143500898578   0.152111928666159   0.113852426187907
   0.114571795783822   0.115988475392023   0.113852426187907   0.159049887887303   0.113852426187907   0.113852426187908
   0.114538999606560   0.157267690172501   0.113852426187907   0.113852426187907   0.113852426187907   0.156669430660776
   0.164333426334149   0.121656388878719   0.113852426187907   0.113852426188510   0.113852426187908   0.152797627709071
   0.115291735321106   0.113852428024157   0.153904300357292   0.113852426187907   0.113852426187907   0.152039042096871
   0.114580848218852   0.163271410698136   0.113852426187907   0.151993557322034   0.114666581041978   0.113852426187907


corrida =

    16


Solutions =

   0.114767637538317   0.161378659138566   0.115454871747234   0.113852426187907   0.113852426187907   0.113852426187908
   0.114144059556621   0.114087055561682   0.155740373496400   0.153675540557906   0.154532505171396   0.157063594297386
   0.113870769681514   0.152424753167625   0.157028502555991   0.113852426187908   0.113852426187907   0.113852426187907
   0.114328212553031   0.153994365678988   0.113852426187907   0.157875685215111   0.113874131649710   0.113852429607313
   0.121912230028313   0.154863079071167   0.113852426187907   0.113852490506582   0.113852426187907   0.152042165974055
   0.113891192631340   0.147416545164467   0.151988389186478   0.113852426187907   0.122047644040151   0.113852426187907
   0.118303994831011   0.117064189301224   0.113852426187907   0.113852426187907   0.113852426187907   0.113852426187907
   0.157155202964726   0.119959157019858   0.154829928429016   0.156309157709503   0.113852426187907   0.113852426187907
   0.114286094360533   0.113918382907538   0.117259062344329   0.152065299451095   0.113852426187907   0.156362470142049
   0.114749664752831   0.113909694463323   0.157085718507182   0.152143500898578   0.152111928666159   0.113852426187907
   0.114571795783822   0.115988475392023   0.113852426187907   0.159049887887303   0.113852426187907   0.113852426187908
   0.114538999606560   0.157267690172501   0.113852426187907   0.113852426187907   0.113852426187907   0.156669430660776
   0.164333426334149   0.121656388878719   0.113852426187907   0.113852426188510   0.113852426187908   0.152797627709071
   0.115291735321106   0.113852428024157   0.153904300357292   0.113852426187907   0.113852426187907   0.152039042096871
   0.114580848218852   0.163271410698136   0.113852426187907   0.151993557322034   0.114666581041978   0.113852426187907
   0.114743949143142   0.113878651110043   0.155616923634795   0.114000654769111   0.113852426187907   0.113852426187908


corrida =

    17


Solutions =

   0.114767637538317   0.161378659138566   0.115454871747234   0.113852426187907   0.113852426187907   0.113852426187908
   0.114144059556621   0.114087055561682   0.155740373496400   0.153675540557906   0.154532505171396   0.157063594297386
   0.113870769681514   0.152424753167625   0.157028502555991   0.113852426187908   0.113852426187907   0.113852426187907
   0.114328212553031   0.153994365678988   0.113852426187907   0.157875685215111   0.113874131649710   0.113852429607313
   0.121912230028313   0.154863079071167   0.113852426187907   0.113852490506582   0.113852426187907   0.152042165974055
   0.113891192631340   0.147416545164467   0.151988389186478   0.113852426187907   0.122047644040151   0.113852426187907
   0.118303994831011   0.117064189301224   0.113852426187907   0.113852426187907   0.113852426187907   0.113852426187907
   0.157155202964726   0.119959157019858   0.154829928429016   0.156309157709503   0.113852426187907   0.113852426187907
   0.114286094360533   0.113918382907538   0.117259062344329   0.152065299451095   0.113852426187907   0.156362470142049
   0.114749664752831   0.113909694463323   0.157085718507182   0.152143500898578   0.152111928666159   0.113852426187907
   0.114571795783822   0.115988475392023   0.113852426187907   0.159049887887303   0.113852426187907   0.113852426187908
   0.114538999606560   0.157267690172501   0.113852426187907   0.113852426187907   0.113852426187907   0.156669430660776
   0.164333426334149   0.121656388878719   0.113852426187907   0.113852426188510   0.113852426187908   0.152797627709071
   0.115291735321106   0.113852428024157   0.153904300357292   0.113852426187907   0.113852426187907   0.152039042096871
   0.114580848218852   0.163271410698136   0.113852426187907   0.151993557322034   0.114666581041978   0.113852426187907
   0.114743949143142   0.113878651110043   0.155616923634795   0.114000654769111   0.113852426187907   0.113852426187908
   0.113924766122462   0.114411522343210   0.113852426187907   0.114889521458336   0.152122202781819   0.152846006247334


corrida =

    18


Solutions =

   0.114767637538317   0.161378659138566   0.115454871747234   0.113852426187907   0.113852426187907   0.113852426187908
   0.114144059556621   0.114087055561682   0.155740373496400   0.153675540557906   0.154532505171396   0.157063594297386
   0.113870769681514   0.152424753167625   0.157028502555991   0.113852426187908   0.113852426187907   0.113852426187907
   0.114328212553031   0.153994365678988   0.113852426187907   0.157875685215111   0.113874131649710   0.113852429607313
   0.121912230028313   0.154863079071167   0.113852426187907   0.113852490506582   0.113852426187907   0.152042165974055
   0.113891192631340   0.147416545164467   0.151988389186478   0.113852426187907   0.122047644040151   0.113852426187907
   0.118303994831011   0.117064189301224   0.113852426187907   0.113852426187907   0.113852426187907   0.113852426187907
   0.157155202964726   0.119959157019858   0.154829928429016   0.156309157709503   0.113852426187907   0.113852426187907
   0.114286094360533   0.113918382907538   0.117259062344329   0.152065299451095   0.113852426187907   0.156362470142049
   0.114749664752831   0.113909694463323   0.157085718507182   0.152143500898578   0.152111928666159   0.113852426187907
   0.114571795783822   0.115988475392023   0.113852426187907   0.159049887887303   0.113852426187907   0.113852426187908
   0.114538999606560   0.157267690172501   0.113852426187907   0.113852426187907   0.113852426187907   0.156669430660776
   0.164333426334149   0.121656388878719   0.113852426187907   0.113852426188510   0.113852426187908   0.152797627709071
   0.115291735321106   0.113852428024157   0.153904300357292   0.113852426187907   0.113852426187907   0.152039042096871
   0.114580848218852   0.163271410698136   0.113852426187907   0.151993557322034   0.114666581041978   0.113852426187907
   0.114743949143142   0.113878651110043   0.155616923634795   0.114000654769111   0.113852426187907   0.113852426187908
   0.113924766122462   0.114411522343210   0.113852426187907   0.114889521458336   0.152122202781819   0.152846006247334
   0.116376792638547   0.153386423674150   0.114406932601838   0.155058556691214   0.152024837605739   0.113852426187909


corrida =

    19


Solutions =

   0.114767637538317   0.161378659138566   0.115454871747234   0.113852426187907   0.113852426187907   0.113852426187908
   0.114144059556621   0.114087055561682   0.155740373496400   0.153675540557906   0.154532505171396   0.157063594297386
   0.113870769681514   0.152424753167625   0.157028502555991   0.113852426187908   0.113852426187907   0.113852426187907
   0.114328212553031   0.153994365678988   0.113852426187907   0.157875685215111   0.113874131649710   0.113852429607313
   0.121912230028313   0.154863079071167   0.113852426187907   0.113852490506582   0.113852426187907   0.152042165974055
   0.113891192631340   0.147416545164467   0.151988389186478   0.113852426187907   0.122047644040151   0.113852426187907
   0.118303994831011   0.117064189301224   0.113852426187907   0.113852426187907   0.113852426187907   0.113852426187907
   0.157155202964726   0.119959157019858   0.154829928429016   0.156309157709503   0.113852426187907   0.113852426187907
   0.114286094360533   0.113918382907538   0.117259062344329   0.152065299451095   0.113852426187907   0.156362470142049
   0.114749664752831   0.113909694463323   0.157085718507182   0.152143500898578   0.152111928666159   0.113852426187907
   0.114571795783822   0.115988475392023   0.113852426187907   0.159049887887303   0.113852426187907   0.113852426187908
   0.114538999606560   0.157267690172501   0.113852426187907   0.113852426187907   0.113852426187907   0.156669430660776
   0.164333426334149   0.121656388878719   0.113852426187907   0.113852426188510   0.113852426187908   0.152797627709071
   0.115291735321106   0.113852428024157   0.153904300357292   0.113852426187907   0.113852426187907   0.152039042096871
   0.114580848218852   0.163271410698136   0.113852426187907   0.151993557322034   0.114666581041978   0.113852426187907
   0.114743949143142   0.113878651110043   0.155616923634795   0.114000654769111   0.113852426187907   0.113852426187908
   0.113924766122462   0.114411522343210   0.113852426187907   0.114889521458336   0.152122202781819   0.152846006247334
   0.116376792638547   0.153386423674150   0.114406932601838   0.155058556691214   0.152024837605739   0.113852426187909
   0.114818590038400   0.113852426187908   0.156223259810893   0.154550930136151   0.113852426288818   0.152274561287881


corrida =

    20


Solutions =

   0.114767637538317   0.161378659138566   0.115454871747234   0.113852426187907   0.113852426187907   0.113852426187908
   0.114144059556621   0.114087055561682   0.155740373496400   0.153675540557906   0.154532505171396   0.157063594297386
   0.113870769681514   0.152424753167625   0.157028502555991   0.113852426187908   0.113852426187907   0.113852426187907
   0.114328212553031   0.153994365678988   0.113852426187907   0.157875685215111   0.113874131649710   0.113852429607313
   0.121912230028313   0.154863079071167   0.113852426187907   0.113852490506582   0.113852426187907   0.152042165974055
   0.113891192631340   0.147416545164467   0.151988389186478   0.113852426187907   0.122047644040151   0.113852426187907
   0.118303994831011   0.117064189301224   0.113852426187907   0.113852426187907   0.113852426187907   0.113852426187907
   0.157155202964726   0.119959157019858   0.154829928429016   0.156309157709503   0.113852426187907   0.113852426187907
   0.114286094360533   0.113918382907538   0.117259062344329   0.152065299451095   0.113852426187907   0.156362470142049
   0.114749664752831   0.113909694463323   0.157085718507182   0.152143500898578   0.152111928666159   0.113852426187907
   0.114571795783822   0.115988475392023   0.113852426187907   0.159049887887303   0.113852426187907   0.113852426187908
   0.114538999606560   0.157267690172501   0.113852426187907   0.113852426187907   0.113852426187907   0.156669430660776
   0.164333426334149   0.121656388878719   0.113852426187907   0.113852426188510   0.113852426187908   0.152797627709071
   0.115291735321106   0.113852428024157   0.153904300357292   0.113852426187907   0.113852426187907   0.152039042096871
   0.114580848218852   0.163271410698136   0.113852426187907   0.151993557322034   0.114666581041978   0.113852426187907
   0.114743949143142   0.113878651110043   0.155616923634795   0.114000654769111   0.113852426187907   0.113852426187908
   0.113924766122462   0.114411522343210   0.113852426187907   0.114889521458336   0.152122202781819   0.152846006247334
   0.116376792638547   0.153386423674150   0.114406932601838   0.155058556691214   0.152024837605739   0.113852426187909
   0.114818590038400   0.113852426187908   0.156223259810893   0.154550930136151   0.113852426288818   0.152274561287881
   0.114350672951639   0.118135594375202   0.113852426187908   0.113852910422540   0.159764278396419   0.113852426187907


corrida =

    21

      



Solutions =

   0.114767637538317   0.161378659138566   0.115454871747234   0.113852426187907   0.113852426187907   0.113852426187908
   0.114144059556621   0.114087055561682   0.155740373496400   0.153675540557906   0.154532505171396   0.157063594297386
   0.113870769681514   0.152424753167625   0.157028502555991   0.113852426187908   0.113852426187907   0.113852426187907
   0.114328212553031   0.153994365678988   0.113852426187907   0.157875685215111   0.113874131649710   0.113852429607313
   0.121912230028313   0.154863079071167   0.113852426187907   0.113852490506582   0.113852426187907   0.152042165974055
   0.113891192631340   0.147416545164467   0.151988389186478   0.113852426187907   0.122047644040151   0.113852426187907
   0.118303994831011   0.117064189301224   0.113852426187907   0.113852426187907   0.113852426187907   0.113852426187907
   0.157155202964726   0.119959157019858   0.154829928429016   0.156309157709503   0.113852426187907   0.113852426187907
   0.114286094360533   0.113918382907538   0.117259062344329   0.152065299451095   0.113852426187907   0.156362470142049
   0.114749664752831   0.113909694463323   0.157085718507182   0.152143500898578   0.152111928666159   0.113852426187907
   0.114571795783822   0.115988475392023   0.113852426187907   0.159049887887303   0.113852426187907   0.113852426187908
   0.114538999606560   0.157267690172501   0.113852426187907   0.113852426187907   0.113852426187907   0.156669430660776
   0.164333426334149   0.121656388878719   0.113852426187907   0.113852426188510   0.113852426187908   0.152797627709071
   0.115291735321106   0.113852428024157   0.153904300357292   0.113852426187907   0.113852426187907   0.152039042096871
   0.114580848218852   0.163271410698136   0.113852426187907   0.151993557322034   0.114666581041978   0.113852426187907
   0.114743949143142   0.113878651110043   0.155616923634795   0.114000654769111   0.113852426187907   0.113852426187908
   0.113924766122462   0.114411522343210   0.113852426187907   0.114889521458336   0.152122202781819   0.152846006247334
   0.116376792638547   0.153386423674150   0.114406932601838   0.155058556691214   0.152024837605739   0.113852426187909
   0.114818590038400   0.113852426187908   0.156223259810893   0.154550930136151   0.113852426288818   0.152274561287881
   0.114350672951639   0.118135594375202   0.113852426187908   0.113852910422540   0.159764278396419   0.113852426187907
   0.153496728483812   0.113852426188080   0.113852426187907   0.157998654423878   0.114103059503245   0.113852426187908


corrida =

    22


Solutions =

   0.114767637538317   0.161378659138566   0.115454871747234   0.113852426187907   0.113852426187907   0.113852426187908
   0.114144059556621   0.114087055561682   0.155740373496400   0.153675540557906   0.154532505171396   0.157063594297386
   0.113870769681514   0.152424753167625   0.157028502555991   0.113852426187908   0.113852426187907   0.113852426187907
   0.114328212553031   0.153994365678988   0.113852426187907   0.157875685215111   0.113874131649710   0.113852429607313
   0.121912230028313   0.154863079071167   0.113852426187907   0.113852490506582   0.113852426187907   0.152042165974055
   0.113891192631340   0.147416545164467   0.151988389186478   0.113852426187907   0.122047644040151   0.113852426187907
   0.118303994831011   0.117064189301224   0.113852426187907   0.113852426187907   0.113852426187907   0.113852426187907
   0.157155202964726   0.119959157019858   0.154829928429016   0.156309157709503   0.113852426187907   0.113852426187907
   0.114286094360533   0.113918382907538   0.117259062344329   0.152065299451095   0.113852426187907   0.156362470142049
   0.114749664752831   0.113909694463323   0.157085718507182   0.152143500898578   0.152111928666159   0.113852426187907
   0.114571795783822   0.115988475392023   0.113852426187907   0.159049887887303   0.113852426187907   0.113852426187908
   0.114538999606560   0.157267690172501   0.113852426187907   0.113852426187907   0.113852426187907   0.156669430660776
   0.164333426334149   0.121656388878719   0.113852426187907   0.113852426188510   0.113852426187908   0.152797627709071
   0.115291735321106   0.113852428024157   0.153904300357292   0.113852426187907   0.113852426187907   0.152039042096871
   0.114580848218852   0.163271410698136   0.113852426187907   0.151993557322034   0.114666581041978   0.113852426187907
   0.114743949143142   0.113878651110043   0.155616923634795   0.114000654769111   0.113852426187907   0.113852426187908
   0.113924766122462   0.114411522343210   0.113852426187907   0.114889521458336   0.152122202781819   0.152846006247334
   0.116376792638547   0.153386423674150   0.114406932601838   0.155058556691214   0.152024837605739   0.113852426187909
   0.114818590038400   0.113852426187908   0.156223259810893   0.154550930136151   0.113852426288818   0.152274561287881
   0.114350672951639   0.118135594375202   0.113852426187908   0.113852910422540   0.159764278396419   0.113852426187907
   0.153496728483812   0.113852426188080   0.113852426187907   0.157998654423878   0.114103059503245   0.113852426187908
   0.114100092101382   0.154381739199717   0.157398443029485   0.113852426187908   0.152123289462313   0.113991824013337


corrida =

    23


Solutions =

   0.114767637538317   0.161378659138566   0.115454871747234   0.113852426187907   0.113852426187907   0.113852426187908
   0.114144059556621   0.114087055561682   0.155740373496400   0.153675540557906   0.154532505171396   0.157063594297386
   0.113870769681514   0.152424753167625   0.157028502555991   0.113852426187908   0.113852426187907   0.113852426187907
   0.114328212553031   0.153994365678988   0.113852426187907   0.157875685215111   0.113874131649710   0.113852429607313
   0.121912230028313   0.154863079071167   0.113852426187907   0.113852490506582   0.113852426187907   0.152042165974055
   0.113891192631340   0.147416545164467   0.151988389186478   0.113852426187907   0.122047644040151   0.113852426187907
   0.118303994831011   0.117064189301224   0.113852426187907   0.113852426187907   0.113852426187907   0.113852426187907
   0.157155202964726   0.119959157019858   0.154829928429016   0.156309157709503   0.113852426187907   0.113852426187907
   0.114286094360533   0.113918382907538   0.117259062344329   0.152065299451095   0.113852426187907   0.156362470142049
   0.114749664752831   0.113909694463323   0.157085718507182   0.152143500898578   0.152111928666159   0.113852426187907
   0.114571795783822   0.115988475392023   0.113852426187907   0.159049887887303   0.113852426187907   0.113852426187908
   0.114538999606560   0.157267690172501   0.113852426187907   0.113852426187907   0.113852426187907   0.156669430660776
   0.164333426334149   0.121656388878719   0.113852426187907   0.113852426188510   0.113852426187908   0.152797627709071
   0.115291735321106   0.113852428024157   0.153904300357292   0.113852426187907   0.113852426187907   0.152039042096871
   0.114580848218852   0.163271410698136   0.113852426187907   0.151993557322034   0.114666581041978   0.113852426187907
   0.114743949143142   0.113878651110043   0.155616923634795   0.114000654769111   0.113852426187907   0.113852426187908
   0.113924766122462   0.114411522343210   0.113852426187907   0.114889521458336   0.152122202781819   0.152846006247334
   0.116376792638547   0.153386423674150   0.114406932601838   0.155058556691214   0.152024837605739   0.113852426187909
   0.114818590038400   0.113852426187908   0.156223259810893   0.154550930136151   0.113852426288818   0.152274561287881
   0.114350672951639   0.118135594375202   0.113852426187908   0.113852910422540   0.159764278396419   0.113852426187907
   0.153496728483812   0.113852426188080   0.113852426187907   0.157998654423878   0.114103059503245   0.113852426187908
   0.114100092101382   0.154381739199717   0.157398443029485   0.113852426187908   0.152123289462313   0.113991824013337
   0.114146769124048   0.114107714270061   0.155279893391970   0.113852426187907   0.154652969175164   0.152373848162631


corrida =

    24


Solutions =

   0.114767637538317   0.161378659138566   0.115454871747234   0.113852426187907   0.113852426187907   0.113852426187908
   0.114144059556621   0.114087055561682   0.155740373496400   0.153675540557906   0.154532505171396   0.157063594297386
   0.113870769681514   0.152424753167625   0.157028502555991   0.113852426187908   0.113852426187907   0.113852426187907
   0.114328212553031   0.153994365678988   0.113852426187907   0.157875685215111   0.113874131649710   0.113852429607313
   0.121912230028313   0.154863079071167   0.113852426187907   0.113852490506582   0.113852426187907   0.152042165974055
   0.113891192631340   0.147416545164467   0.151988389186478   0.113852426187907   0.122047644040151   0.113852426187907
   0.118303994831011   0.117064189301224   0.113852426187907   0.113852426187907   0.113852426187907   0.113852426187907
   0.157155202964726   0.119959157019858   0.154829928429016   0.156309157709503   0.113852426187907   0.113852426187907
   0.114286094360533   0.113918382907538   0.117259062344329   0.152065299451095   0.113852426187907   0.156362470142049
   0.114749664752831   0.113909694463323   0.157085718507182   0.152143500898578   0.152111928666159   0.113852426187907
   0.114571795783822   0.115988475392023   0.113852426187907   0.159049887887303   0.113852426187907   0.113852426187908
   0.114538999606560   0.157267690172501   0.113852426187907   0.113852426187907   0.113852426187907   0.156669430660776
   0.164333426334149   0.121656388878719   0.113852426187907   0.113852426188510   0.113852426187908   0.152797627709071
   0.115291735321106   0.113852428024157   0.153904300357292   0.113852426187907   0.113852426187907   0.152039042096871
   0.114580848218852   0.163271410698136   0.113852426187907   0.151993557322034   0.114666581041978   0.113852426187907
   0.114743949143142   0.113878651110043   0.155616923634795   0.114000654769111   0.113852426187907   0.113852426187908
   0.113924766122462   0.114411522343210   0.113852426187907   0.114889521458336   0.152122202781819   0.152846006247334
   0.116376792638547   0.153386423674150   0.114406932601838   0.155058556691214   0.152024837605739   0.113852426187909
   0.114818590038400   0.113852426187908   0.156223259810893   0.154550930136151   0.113852426288818   0.152274561287881
   0.114350672951639   0.118135594375202   0.113852426187908   0.113852910422540   0.159764278396419   0.113852426187907
   0.153496728483812   0.113852426188080   0.113852426187907   0.157998654423878   0.114103059503245   0.113852426187908
   0.114100092101382   0.154381739199717   0.157398443029485   0.113852426187908   0.152123289462313   0.113991824013337
   0.114146769124048   0.114107714270061   0.155279893391970   0.113852426187907   0.154652969175164   0.152373848162631
   0.115346530749782   0.118473881087885   0.113852430453281   0.157792399383948   0.158676484737006   0.153368362443605


corrida =

    25


Solutions =

   0.114767637538317   0.161378659138566   0.115454871747234   0.113852426187907   0.113852426187907   0.113852426187908
   0.114144059556621   0.114087055561682   0.155740373496400   0.153675540557906   0.154532505171396   0.157063594297386
   0.113870769681514   0.152424753167625   0.157028502555991   0.113852426187908   0.113852426187907   0.113852426187907
   0.114328212553031   0.153994365678988   0.113852426187907   0.157875685215111   0.113874131649710   0.113852429607313
   0.121912230028313   0.154863079071167   0.113852426187907   0.113852490506582   0.113852426187907   0.152042165974055
   0.113891192631340   0.147416545164467   0.151988389186478   0.113852426187907   0.122047644040151   0.113852426187907
   0.118303994831011   0.117064189301224   0.113852426187907   0.113852426187907   0.113852426187907   0.113852426187907
   0.157155202964726   0.119959157019858   0.154829928429016   0.156309157709503   0.113852426187907   0.113852426187907
   0.114286094360533   0.113918382907538   0.117259062344329   0.152065299451095   0.113852426187907   0.156362470142049
   0.114749664752831   0.113909694463323   0.157085718507182   0.152143500898578   0.152111928666159   0.113852426187907
   0.114571795783822   0.115988475392023   0.113852426187907   0.159049887887303   0.113852426187907   0.113852426187908
   0.114538999606560   0.157267690172501   0.113852426187907   0.113852426187907   0.113852426187907   0.156669430660776
   0.164333426334149   0.121656388878719   0.113852426187907   0.113852426188510   0.113852426187908   0.152797627709071
   0.115291735321106   0.113852428024157   0.153904300357292   0.113852426187907   0.113852426187907   0.152039042096871
   0.114580848218852   0.163271410698136   0.113852426187907   0.151993557322034   0.114666581041978   0.113852426187907
   0.114743949143142   0.113878651110043   0.155616923634795   0.114000654769111   0.113852426187907   0.113852426187908
   0.113924766122462   0.114411522343210   0.113852426187907   0.114889521458336   0.152122202781819   0.152846006247334
   0.116376792638547   0.153386423674150   0.114406932601838   0.155058556691214   0.152024837605739   0.113852426187909
   0.114818590038400   0.113852426187908   0.156223259810893   0.154550930136151   0.113852426288818   0.152274561287881
   0.114350672951639   0.118135594375202   0.113852426187908   0.113852910422540   0.159764278396419   0.113852426187907
   0.153496728483812   0.113852426188080   0.113852426187907   0.157998654423878   0.114103059503245   0.113852426187908
   0.114100092101382   0.154381739199717   0.157398443029485   0.113852426187908   0.152123289462313   0.113991824013337
   0.114146769124048   0.114107714270061   0.155279893391970   0.113852426187907   0.154652969175164   0.152373848162631
   0.115346530749782   0.118473881087885   0.113852430453281   0.157792399383948   0.158676484737006   0.153368362443605
   0.116786337602666   0.189814106150915   0.113852426187907   0.159658935701600   0.113852426187907   0.113852426187907


corrida =

    26


Solutions =

   0.114767637538317   0.161378659138566   0.115454871747234   0.113852426187907   0.113852426187907   0.113852426187908
   0.114144059556621   0.114087055561682   0.155740373496400   0.153675540557906   0.154532505171396   0.157063594297386
   0.113870769681514   0.152424753167625   0.157028502555991   0.113852426187908   0.113852426187907   0.113852426187907
   0.114328212553031   0.153994365678988   0.113852426187907   0.157875685215111   0.113874131649710   0.113852429607313
   0.121912230028313   0.154863079071167   0.113852426187907   0.113852490506582   0.113852426187907   0.152042165974055
   0.113891192631340   0.147416545164467   0.151988389186478   0.113852426187907   0.122047644040151   0.113852426187907
   0.118303994831011   0.117064189301224   0.113852426187907   0.113852426187907   0.113852426187907   0.113852426187907
   0.157155202964726   0.119959157019858   0.154829928429016   0.156309157709503   0.113852426187907   0.113852426187907
   0.114286094360533   0.113918382907538   0.117259062344329   0.152065299451095   0.113852426187907   0.156362470142049
   0.114749664752831   0.113909694463323   0.157085718507182   0.152143500898578   0.152111928666159   0.113852426187907
   0.114571795783822   0.115988475392023   0.113852426187907   0.159049887887303   0.113852426187907   0.113852426187908
   0.114538999606560   0.157267690172501   0.113852426187907   0.113852426187907   0.113852426187907   0.156669430660776
   0.164333426334149   0.121656388878719   0.113852426187907   0.113852426188510   0.113852426187908   0.152797627709071
   0.115291735321106   0.113852428024157   0.153904300357292   0.113852426187907   0.113852426187907   0.152039042096871
   0.114580848218852   0.163271410698136   0.113852426187907   0.151993557322034   0.114666581041978   0.113852426187907
   0.114743949143142   0.113878651110043   0.155616923634795   0.114000654769111   0.113852426187907   0.113852426187908
   0.113924766122462   0.114411522343210   0.113852426187907   0.114889521458336   0.152122202781819   0.152846006247334
   0.116376792638547   0.153386423674150   0.114406932601838   0.155058556691214   0.152024837605739   0.113852426187909
   0.114818590038400   0.113852426187908   0.156223259810893   0.154550930136151   0.113852426288818   0.152274561287881
   0.114350672951639   0.118135594375202   0.113852426187908   0.113852910422540   0.159764278396419   0.113852426187907
   0.153496728483812   0.113852426188080   0.113852426187907   0.157998654423878   0.114103059503245   0.113852426187908
   0.114100092101382   0.154381739199717   0.157398443029485   0.113852426187908   0.152123289462313   0.113991824013337
   0.114146769124048   0.114107714270061   0.155279893391970   0.113852426187907   0.154652969175164   0.152373848162631
   0.115346530749782   0.118473881087885   0.113852430453281   0.157792399383948   0.158676484737006   0.153368362443605
   0.116786337602666   0.189814106150915   0.113852426187907   0.159658935701600   0.113852426187907   0.113852426187907
   0.155134211037629   0.158691496142301   0.113852426187907   0.155152359384805   0.114454331604649   0.152846976974462


corrida =

    27


Solutions =

   0.114767637538317   0.161378659138566   0.115454871747234   0.113852426187907   0.113852426187907   0.113852426187908
   0.114144059556621   0.114087055561682   0.155740373496400   0.153675540557906   0.154532505171396   0.157063594297386
   0.113870769681514   0.152424753167625   0.157028502555991   0.113852426187908   0.113852426187907   0.113852426187907
   0.114328212553031   0.153994365678988   0.113852426187907   0.157875685215111   0.113874131649710   0.113852429607313
   0.121912230028313   0.154863079071167   0.113852426187907   0.113852490506582   0.113852426187907   0.152042165974055
   0.113891192631340   0.147416545164467   0.151988389186478   0.113852426187907   0.122047644040151   0.113852426187907
   0.118303994831011   0.117064189301224   0.113852426187907   0.113852426187907   0.113852426187907   0.113852426187907
   0.157155202964726   0.119959157019858   0.154829928429016   0.156309157709503   0.113852426187907   0.113852426187907
   0.114286094360533   0.113918382907538   0.117259062344329   0.152065299451095   0.113852426187907   0.156362470142049
   0.114749664752831   0.113909694463323   0.157085718507182   0.152143500898578   0.152111928666159   0.113852426187907
   0.114571795783822   0.115988475392023   0.113852426187907   0.159049887887303   0.113852426187907   0.113852426187908
   0.114538999606560   0.157267690172501   0.113852426187907   0.113852426187907   0.113852426187907   0.156669430660776
   0.164333426334149   0.121656388878719   0.113852426187907   0.113852426188510   0.113852426187908   0.152797627709071
   0.115291735321106   0.113852428024157   0.153904300357292   0.113852426187907   0.113852426187907   0.152039042096871
   0.114580848218852   0.163271410698136   0.113852426187907   0.151993557322034   0.114666581041978   0.113852426187907
   0.114743949143142   0.113878651110043   0.155616923634795   0.114000654769111   0.113852426187907   0.113852426187908
   0.113924766122462   0.114411522343210   0.113852426187907   0.114889521458336   0.152122202781819   0.152846006247334
   0.116376792638547   0.153386423674150   0.114406932601838   0.155058556691214   0.152024837605739   0.113852426187909
   0.114818590038400   0.113852426187908   0.156223259810893   0.154550930136151   0.113852426288818   0.152274561287881
   0.114350672951639   0.118135594375202   0.113852426187908   0.113852910422540   0.159764278396419   0.113852426187907
   0.153496728483812   0.113852426188080   0.113852426187907   0.157998654423878   0.114103059503245   0.113852426187908
   0.114100092101382   0.154381739199717   0.157398443029485   0.113852426187908   0.152123289462313   0.113991824013337
   0.114146769124048   0.114107714270061   0.155279893391970   0.113852426187907   0.154652969175164   0.152373848162631
   0.115346530749782   0.118473881087885   0.113852430453281   0.157792399383948   0.158676484737006   0.153368362443605
   0.116786337602666   0.189814106150915   0.113852426187907   0.159658935701600   0.113852426187907   0.113852426187907
   0.155134211037629   0.158691496142301   0.113852426187907   0.155152359384805   0.114454331604649   0.152846976974462
   0.115131543605031   0.113852426187908   0.113852426187907   0.157934050243399   0.153581884030757   0.113852426187907


corrida =

    28


Solutions =

   0.114767637538317   0.161378659138566   0.115454871747234   0.113852426187907   0.113852426187907   0.113852426187908
   0.114144059556621   0.114087055561682   0.155740373496400   0.153675540557906   0.154532505171396   0.157063594297386
   0.113870769681514   0.152424753167625   0.157028502555991   0.113852426187908   0.113852426187907   0.113852426187907
   0.114328212553031   0.153994365678988   0.113852426187907   0.157875685215111   0.113874131649710   0.113852429607313
   0.121912230028313   0.154863079071167   0.113852426187907   0.113852490506582   0.113852426187907   0.152042165974055
   0.113891192631340   0.147416545164467   0.151988389186478   0.113852426187907   0.122047644040151   0.113852426187907
   0.118303994831011   0.117064189301224   0.113852426187907   0.113852426187907   0.113852426187907   0.113852426187907
   0.157155202964726   0.119959157019858   0.154829928429016   0.156309157709503   0.113852426187907   0.113852426187907
   0.114286094360533   0.113918382907538   0.117259062344329   0.152065299451095   0.113852426187907   0.156362470142049
   0.114749664752831   0.113909694463323   0.157085718507182   0.152143500898578   0.152111928666159   0.113852426187907
   0.114571795783822   0.115988475392023   0.113852426187907   0.159049887887303   0.113852426187907   0.113852426187908
   0.114538999606560   0.157267690172501   0.113852426187907   0.113852426187907   0.113852426187907   0.156669430660776
   0.164333426334149   0.121656388878719   0.113852426187907   0.113852426188510   0.113852426187908   0.152797627709071
   0.115291735321106   0.113852428024157   0.153904300357292   0.113852426187907   0.113852426187907   0.152039042096871
   0.114580848218852   0.163271410698136   0.113852426187907   0.151993557322034   0.114666581041978   0.113852426187907
   0.114743949143142   0.113878651110043   0.155616923634795   0.114000654769111   0.113852426187907   0.113852426187908
   0.113924766122462   0.114411522343210   0.113852426187907   0.114889521458336   0.152122202781819   0.152846006247334
   0.116376792638547   0.153386423674150   0.114406932601838   0.155058556691214   0.152024837605739   0.113852426187909
   0.114818590038400   0.113852426187908   0.156223259810893   0.154550930136151   0.113852426288818   0.152274561287881
   0.114350672951639   0.118135594375202   0.113852426187908   0.113852910422540   0.159764278396419   0.113852426187907
   0.153496728483812   0.113852426188080   0.113852426187907   0.157998654423878   0.114103059503245   0.113852426187908
   0.114100092101382   0.154381739199717   0.157398443029485   0.113852426187908   0.152123289462313   0.113991824013337
   0.114146769124048   0.114107714270061   0.155279893391970   0.113852426187907   0.154652969175164   0.152373848162631
   0.115346530749782   0.118473881087885   0.113852430453281   0.157792399383948   0.158676484737006   0.153368362443605
   0.116786337602666   0.189814106150915   0.113852426187907   0.159658935701600   0.113852426187907   0.113852426187907
   0.155134211037629   0.158691496142301   0.113852426187907   0.155152359384805   0.114454331604649   0.152846976974462
   0.115131543605031   0.113852426187908   0.113852426187907   0.157934050243399   0.153581884030757   0.113852426187907
   0.114944566407528   0.113852426187908   0.154620578912822   0.156821276000818   0.113852426187907   0.157514841276906


corrida =

    29



Solutions =

   0.114767637538317   0.161378659138566   0.115454871747234   0.113852426187907   0.113852426187907   0.113852426187908
   0.114144059556621   0.114087055561682   0.155740373496400   0.153675540557906   0.154532505171396   0.157063594297386
   0.113870769681514   0.152424753167625   0.157028502555991   0.113852426187908   0.113852426187907   0.113852426187907
   0.114328212553031   0.153994365678988   0.113852426187907   0.157875685215111   0.113874131649710   0.113852429607313
   0.121912230028313   0.154863079071167   0.113852426187907   0.113852490506582   0.113852426187907   0.152042165974055
   0.113891192631340   0.147416545164467   0.151988389186478   0.113852426187907   0.122047644040151   0.113852426187907
   0.118303994831011   0.117064189301224   0.113852426187907   0.113852426187907   0.113852426187907   0.113852426187907
   0.157155202964726   0.119959157019858   0.154829928429016   0.156309157709503   0.113852426187907   0.113852426187907
   0.114286094360533   0.113918382907538   0.117259062344329   0.152065299451095   0.113852426187907   0.156362470142049
   0.114749664752831   0.113909694463323   0.157085718507182   0.152143500898578   0.152111928666159   0.113852426187907
   0.114571795783822   0.115988475392023   0.113852426187907   0.159049887887303   0.113852426187907   0.113852426187908
   0.114538999606560   0.157267690172501   0.113852426187907   0.113852426187907   0.113852426187907   0.156669430660776
   0.164333426334149   0.121656388878719   0.113852426187907   0.113852426188510   0.113852426187908   0.152797627709071
   0.115291735321106   0.113852428024157   0.153904300357292   0.113852426187907   0.113852426187907   0.152039042096871
   0.114580848218852   0.163271410698136   0.113852426187907   0.151993557322034   0.114666581041978   0.113852426187907
   0.114743949143142   0.113878651110043   0.155616923634795   0.114000654769111   0.113852426187907   0.113852426187908
   0.113924766122462   0.114411522343210   0.113852426187907   0.114889521458336   0.152122202781819   0.152846006247334
   0.116376792638547   0.153386423674150   0.114406932601838   0.155058556691214   0.152024837605739   0.113852426187909
   0.114818590038400   0.113852426187908   0.156223259810893   0.154550930136151   0.113852426288818   0.152274561287881
   0.114350672951639   0.118135594375202   0.113852426187908   0.113852910422540   0.159764278396419   0.113852426187907
   0.153496728483812   0.113852426188080   0.113852426187907   0.157998654423878   0.114103059503245   0.113852426187908
   0.114100092101382   0.154381739199717   0.157398443029485   0.113852426187908   0.152123289462313   0.113991824013337
   0.114146769124048   0.114107714270061   0.155279893391970   0.113852426187907   0.154652969175164   0.152373848162631
   0.115346530749782   0.118473881087885   0.113852430453281   0.157792399383948   0.158676484737006   0.153368362443605
   0.116786337602666   0.189814106150915   0.113852426187907   0.159658935701600   0.113852426187907   0.113852426187907
   0.155134211037629   0.158691496142301   0.113852426187907   0.155152359384805   0.114454331604649   0.152846976974462
   0.115131543605031   0.113852426187908   0.113852426187907   0.157934050243399   0.153581884030757   0.113852426187907
   0.114944566407528   0.113852426187908   0.154620578912822   0.156821276000818   0.113852426187907   0.157514841276906
   0.116342347414659   0.152344220589976   0.113852426191089   0.154990930972168   0.152037525133366   0.113852426188005


corrida =

    30


Solutions =

   0.114767637538317   0.161378659138566   0.115454871747234   0.113852426187907   0.113852426187907   0.113852426187908
   0.114144059556621   0.114087055561682   0.155740373496400   0.153675540557906   0.154532505171396   0.157063594297386
   0.113870769681514   0.152424753167625   0.157028502555991   0.113852426187908   0.113852426187907   0.113852426187907
   0.114328212553031   0.153994365678988   0.113852426187907   0.157875685215111   0.113874131649710   0.113852429607313
   0.121912230028313   0.154863079071167   0.113852426187907   0.113852490506582   0.113852426187907   0.152042165974055
   0.113891192631340   0.147416545164467   0.151988389186478   0.113852426187907   0.122047644040151   0.113852426187907
   0.118303994831011   0.117064189301224   0.113852426187907   0.113852426187907   0.113852426187907   0.113852426187907
   0.157155202964726   0.119959157019858   0.154829928429016   0.156309157709503   0.113852426187907   0.113852426187907
   0.114286094360533   0.113918382907538   0.117259062344329   0.152065299451095   0.113852426187907   0.156362470142049
   0.114749664752831   0.113909694463323   0.157085718507182   0.152143500898578   0.152111928666159   0.113852426187907
   0.114571795783822   0.115988475392023   0.113852426187907   0.159049887887303   0.113852426187907   0.113852426187908
   0.114538999606560   0.157267690172501   0.113852426187907   0.113852426187907   0.113852426187907   0.156669430660776
   0.164333426334149   0.121656388878719   0.113852426187907   0.113852426188510   0.113852426187908   0.152797627709071
   0.115291735321106   0.113852428024157   0.153904300357292   0.113852426187907   0.113852426187907   0.152039042096871
   0.114580848218852   0.163271410698136   0.113852426187907   0.151993557322034   0.114666581041978   0.113852426187907
   0.114743949143142   0.113878651110043   0.155616923634795   0.114000654769111   0.113852426187907   0.113852426187908
   0.113924766122462   0.114411522343210   0.113852426187907   0.114889521458336   0.152122202781819   0.152846006247334
   0.116376792638547   0.153386423674150   0.114406932601838   0.155058556691214   0.152024837605739   0.113852426187909
   0.114818590038400   0.113852426187908   0.156223259810893   0.154550930136151   0.113852426288818   0.152274561287881
   0.114350672951639   0.118135594375202   0.113852426187908   0.113852910422540   0.159764278396419   0.113852426187907
   0.153496728483812   0.113852426188080   0.113852426187907   0.157998654423878   0.114103059503245   0.113852426187908
   0.114100092101382   0.154381739199717   0.157398443029485   0.113852426187908   0.152123289462313   0.113991824013337
   0.114146769124048   0.114107714270061   0.155279893391970   0.113852426187907   0.154652969175164   0.152373848162631
   0.115346530749782   0.118473881087885   0.113852430453281   0.157792399383948   0.158676484737006   0.153368362443605
   0.116786337602666   0.189814106150915   0.113852426187907   0.159658935701600   0.113852426187907   0.113852426187907
   0.155134211037629   0.158691496142301   0.113852426187907   0.155152359384805   0.114454331604649   0.152846976974462
   0.115131543605031   0.113852426187908   0.113852426187907   0.157934050243399   0.153581884030757   0.113852426187907
   0.114944566407528   0.113852426187908   0.154620578912822   0.156821276000818   0.113852426187907   0.157514841276906
   0.116342347414659   0.152344220589976   0.113852426191089   0.154990930972168   0.152037525133366   0.113852426188005
   0.113891749893950   0.195619014382398   0.158751754196429   0.115962512726187   0.153594548842793   0.113852426187907


corrida =

    31


Solutions = 

	       0.114767637538317   0.161378659138566   0.115454871747234   0.113852426187907   0.113852426187907   0.113852426187908
               0.114144059556621   0.114087055561682   0.155740373496400   0.153675540557906   0.154532505171396   0.157063594297386
               0.113870769681514   0.152424753167625   0.157028502555991   0.113852426187908   0.113852426187907   0.113852426187907
               0.114328212553031   0.153994365678988   0.113852426187907   0.157875685215111   0.113874131649710   0.113852429607313
               0.121912230028313   0.154863079071167   0.113852426187907   0.113852490506582   0.113852426187907   0.152042165974055
               0.113891192631340   0.147416545164467   0.151988389186478   0.113852426187907   0.122047644040151   0.113852426187907
               0.118303994831011   0.117064189301224   0.113852426187907   0.113852426187907   0.113852426187907   0.113852426187907
               0.157155202964726   0.119959157019858   0.154829928429016   0.156309157709503   0.113852426187907   0.113852426187907
               0.114286094360533   0.113918382907538   0.117259062344329   0.152065299451095   0.113852426187907   0.156362470142049
               0.114749664752831   0.113909694463323   0.157085718507182   0.152143500898578   0.152111928666159   0.113852426187907
               0.114571795783822   0.115988475392023   0.113852426187907   0.159049887887303   0.113852426187907   0.113852426187908
               0.114538999606560   0.157267690172501   0.113852426187907   0.113852426187907   0.113852426187907   0.156669430660776
               0.164333426334149   0.121656388878719   0.113852426187907   0.113852426188510   0.113852426187908   0.152797627709071
               0.115291735321106   0.113852428024157   0.153904300357292   0.113852426187907   0.113852426187907   0.152039042096871
               0.114580848218852   0.163271410698136   0.113852426187907   0.151993557322034   0.114666581041978   0.113852426187907
               0.114743949143142   0.113878651110043   0.155616923634795   0.114000654769111   0.113852426187907   0.113852426187908
               0.113924766122462   0.114411522343210   0.113852426187907   0.114889521458336   0.152122202781819   0.152846006247334
               0.116376792638547   0.153386423674150   0.114406932601838   0.155058556691214   0.152024837605739   0.113852426187909
               0.114818590038400   0.113852426187908   0.156223259810893   0.154550930136151   0.113852426288818   0.152274561287881
               0.114350672951639   0.118135594375202   0.113852426187908   0.113852910422540   0.159764278396419   0.113852426187907
               0.153496728483812   0.113852426188080   0.113852426187907   0.157998654423878   0.114103059503245   0.113852426187908
               0.114100092101382   0.154381739199717   0.157398443029485   0.113852426187908   0.152123289462313   0.113991824013337
               0.114146769124048   0.114107714270061   0.155279893391970   0.113852426187907   0.154652969175164   0.152373848162631
               0.115346530749782   0.118473881087885   0.113852430453281   0.157792399383948   0.158676484737006   0.153368362443605
               0.116786337602666   0.189814106150915   0.113852426187907   0.159658935701600   0.113852426187907   0.113852426187907
               0.155134211037629   0.158691496142301   0.113852426187907   0.155152359384805   0.114454331604649   0.152846976974462
               0.115131543605031   0.113852426187908   0.113852426187907   0.157934050243399   0.153581884030757   0.113852426187907
               0.114944566407528   0.113852426187908   0.154620578912822   0.156821276000818   0.113852426187907   0.157514841276906
               0.116342347414659   0.152344220589976   0.113852426191089   0.154990930972168   0.152037525133366   0.113852426188005
               0.113891749893950   0.195619014382398   0.158751754196429   0.115962512726187   0.153594548842793   0.113852426187907
               0.114974981105297   0.156428198829089   0.158249986253166   0.113852426187907   0.155219521072102   0.113852426187908


ALGORTIMO 1

mejor =

   0.113870769681514


peor =

   0.164333426334149


mediana =

   0.114767637538317


promedio =

   0.120620532018797


desviacion =

   0.014605293538816

ALGORTIMO 2

mejor =

   0.113852426187908


peor =

   0.195619014382398


mediana =

   0.119959157019858


promedio =

   0.136004340049894


desviacion =

   0.024766340690027

ALGORTIMO 3

mejor =

   0.113852426187907


peor =

   0.158751754196429


mediana =

   0.114406932601838


promedio =

   0.131665332759435


desviacion =

   0.020980093389179

ALGORTIMO 4

mejor =

   0.113852426187907


peor =

   0.159658935701600


mediana =

   0.151993557322034


promedio =

   0.135617841088450


desviacion =

   0.021283827674995

ALGORTIMO 5

mejor =

   0.113852426187907


peor =

   0.159764278396419


mediana =

   0.114103059503245


promedio =

   0.129791022246657


desviacion =

   0.019838561048388

ALGORTIMO 6

mejor =

   0.113852426187907


peor =

   0.157514841276906


mediana =

   0.113852426187909


promedio =

   0.129404336325426


desviacion =

   0.019926914795120

******* Friedman Test results ********

p =

   0.109896438650761


tbl = 

    'Source'     'SS'                       'df'     'MS'                   'Chi-sq'               'Prob>Chi-sq'      
    'Columns'    [   30.645161290322580]    [  5]    [6.129032258064516]    [8.979206049149338]    [0.109896438650761]
    'Error'      [4.983548387096774e+02]    [150]    [3.322365591397849]                     []                     []
    'Total'      [                  529]    [185]                     []                     []                     []


stats = 

       source: 'friedman'
            n: 31
    meanranks: [3.645161290322581 4.096774193548387 3.403225806451613 3.838709677419355 3.048387096774194 2.967741935483871]
        sigma: 1.847404456475748

******* Bonferrony Test results ******
Note: Intervals can be used for testing but are not simultaneous confidence intervals.

results =

   1.000000000000000   2.000000000000000  -1.828929427718135  -0.451612903225806   0.925703621266522
   1.000000000000000   3.000000000000000  -1.135381040621361   0.241935483870968   1.619252008363296
   1.000000000000000   4.000000000000000  -1.570864911589103  -0.193548387096774   1.183768137395554
   1.000000000000000   5.000000000000000  -0.780542330943941   0.596774193548387   1.974090718040715
   1.000000000000000   6.000000000000000  -0.699897169653619   0.677419354838710   2.054735879331038
   2.000000000000000   3.000000000000000  -0.683768137395554   0.693548387096774   2.070864911589102
   2.000000000000000   4.000000000000000  -1.119252008363296   0.258064516129032   1.635381040621360
   2.000000000000000   5.000000000000000  -0.328929427718135   1.048387096774194   2.425703621266522
   2.000000000000000   6.000000000000000  -0.248284266427812   1.129032258064516   2.506348782556844
   3.000000000000000   4.000000000000000  -1.812800395460070  -0.435483870967742   0.941832653524586
   3.000000000000000   5.000000000000000  -1.022477814814909   0.354838709677419   1.732155234169748
   3.000000000000000   6.000000000000000  -0.941832653524586   0.435483870967742   1.812800395460070
   4.000000000000000   5.000000000000000  -0.586993943847167   0.790322580645161   2.167639105137490
   4.000000000000000   6.000000000000000  -0.506348782556844   0.870967741935484   2.248284266427812
   5.000000000000000   6.000000000000000  -1.296671363202006   0.080645161290323   1.457961685782651


means =

   3.645161290322581   0.331803635370937
   4.096774193548387   0.331803635370937
   3.403225806451613   0.331803635370937
   3.838709677419355   0.331803635370937
   3.048387096774194   0.331803635370937
   2.967741935483871   0.331803635370937


h =

     2

