

Problema =

     4


Evaluaciones =

      125000


N =

    14


Cantidad_Simplex =

     9


Poblacion =

   135


corrida =

     1


Solutions =

   1.0e-21 *

   0.294134513037638   0.000006424483212   0.000000050487098   0.000000063108872   0.000000242969159   0.000000053642542


corrida =

     2


Solutions =

   1.0e-21 *

   0.294134513037638   0.000006424483212   0.000000050487098   0.000000063108872   0.000000242969159   0.000000053642542
   0.014423457060414   0.000002473867799   0.000000100974196   0.000000050487098   0.000002505422235   0.000000113595970


corrida =

     3


Solutions =

   1.0e-18 *

   0.000294134513038   0.000000006424483   0.000000000050487   0.000000000063109   0.000000000242969   0.000000000053643
   0.000014423457060   0.000000002473868   0.000000000100974   0.000000000050487   0.000000002505422   0.000000000113596
   0.682431972223457   0.000000007879143   0.000000000012622   0.000000000082042   0.000000000381809                   0


corrida =

     4


Solutions =

   1.0e-18 *

   0.000294134513038   0.000000006424483   0.000000000050487   0.000000000063109   0.000000000242969   0.000000000053643
   0.000014423457060   0.000000002473868   0.000000000100974   0.000000000050487   0.000000002505422   0.000000000113596
   0.682431972223457   0.000000007879143   0.000000000012622   0.000000000082042   0.000000000381809                   0
   0.000035250498830   0.000000005111819   0.000000000025244   0.000000000012622   0.000000001981619   0.000000000041021


corrida =

     5


Solutions =

   1.0e-18 *

   0.000294134513038   0.000000006424483   0.000000000050487   0.000000000063109   0.000000000242969   0.000000000053643
   0.000014423457060   0.000000002473868   0.000000000100974   0.000000000050487   0.000000002505422   0.000000000113596
   0.682431972223457   0.000000007879143   0.000000000012622   0.000000000082042   0.000000000381809                   0
   0.000035250498830   0.000000005111819   0.000000000025244   0.000000000012622   0.000000001981619   0.000000000041021
   0.002304437641945   0.000000000063109   0.000000000050487   0.000000000003155   0.000000000214570   0.000000000003155


corrida =

     6


Solutions =

   1.0e-18 *

   0.000294134513038   0.000000006424483   0.000000000050487   0.000000000063109   0.000000000242969   0.000000000053643
   0.000014423457060   0.000000002473868   0.000000000100974   0.000000000050487   0.000000002505422   0.000000000113596
   0.682431972223457   0.000000007879143   0.000000000012622   0.000000000082042   0.000000000381809                   0
   0.000035250498830   0.000000005111819   0.000000000025244   0.000000000012622   0.000000001981619   0.000000000041021
   0.002304437641945   0.000000000063109   0.000000000050487   0.000000000003155   0.000000000214570   0.000000000003155
   0.000850454874400   0.000000017796702   0.000000000050487   0.000000000041021   0.000000000921390   0.000000000050487


corrida =

     7


Solutions =

   1.0e-18 *

   0.000294134513038   0.000000006424483   0.000000000050487   0.000000000063109   0.000000000242969   0.000000000053643
   0.000014423457060   0.000000002473868   0.000000000100974   0.000000000050487   0.000000002505422   0.000000000113596
   0.682431972223457   0.000000007879143   0.000000000012622   0.000000000082042   0.000000000381809                   0
   0.000035250498830   0.000000005111819   0.000000000025244   0.000000000012622   0.000000001981619   0.000000000041021
   0.002304437641945   0.000000000063109   0.000000000050487   0.000000000003155   0.000000000214570   0.000000000003155
   0.000850454874400   0.000000017796702   0.000000000050487   0.000000000041021   0.000000000921390   0.000000000050487
   0.000253671868212   0.000000003887507   0.000000000214570   0.000000000012622   0.000000000454384                   0


corrida =

     8


Solutions =

   1.0e-18 *

   0.000294134513038   0.000000006424483   0.000000000050487   0.000000000063109   0.000000000242969   0.000000000053643
   0.000014423457060   0.000000002473868   0.000000000100974   0.000000000050487   0.000000002505422   0.000000000113596
   0.682431972223457   0.000000007879143   0.000000000012622   0.000000000082042   0.000000000381809                   0
   0.000035250498830   0.000000005111819   0.000000000025244   0.000000000012622   0.000000001981619   0.000000000041021
   0.002304437641945   0.000000000063109   0.000000000050487   0.000000000003155   0.000000000214570   0.000000000003155
   0.000850454874400   0.000000017796702   0.000000000050487   0.000000000041021   0.000000000921390   0.000000000050487
   0.000253671868212   0.000000003887507   0.000000000214570   0.000000000012622   0.000000000454384                   0
   0.000062270133415   0.000000005695576                   0   0.000000000078886   0.000000001773359                   0


corrida =

     9


Solutions =

   1.0e-18 *

   0.000294134513038   0.000000006424483   0.000000000050487   0.000000000063109   0.000000000242969   0.000000000053643
   0.000014423457060   0.000000002473868   0.000000000100974   0.000000000050487   0.000000002505422   0.000000000113596
   0.682431972223457   0.000000007879143   0.000000000012622   0.000000000082042   0.000000000381809                   0
   0.000035250498830   0.000000005111819   0.000000000025244   0.000000000012622   0.000000001981619   0.000000000041021
   0.002304437641945   0.000000000063109   0.000000000050487   0.000000000003155   0.000000000214570   0.000000000003155
   0.000850454874400   0.000000017796702   0.000000000050487   0.000000000041021   0.000000000921390   0.000000000050487
   0.000253671868212   0.000000003887507   0.000000000214570   0.000000000012622   0.000000000454384                   0
   0.000062270133415   0.000000005695576                   0   0.000000000078886   0.000000001773359                   0
   0.000034574855242   0.000000001009742   0.000000000053643   0.000000000141995   0.000000000025244                   0


corrida =

    10


Solutions =

   1.0e-18 *

   0.000294134513038   0.000000006424483   0.000000000050487   0.000000000063109   0.000000000242969   0.000000000053643
   0.000014423457060   0.000000002473868   0.000000000100974   0.000000000050487   0.000000002505422   0.000000000113596
   0.682431972223457   0.000000007879143   0.000000000012622   0.000000000082042   0.000000000381809                   0
   0.000035250498830   0.000000005111819   0.000000000025244   0.000000000012622   0.000000001981619   0.000000000041021
   0.002304437641945   0.000000000063109   0.000000000050487   0.000000000003155   0.000000000214570   0.000000000003155
   0.000850454874400   0.000000017796702   0.000000000050487   0.000000000041021   0.000000000921390   0.000000000050487
   0.000253671868212   0.000000003887507   0.000000000214570   0.000000000012622   0.000000000454384                   0
   0.000062270133415   0.000000005695576                   0   0.000000000078886   0.000000001773359                   0
   0.000034574855242   0.000000001009742   0.000000000053643   0.000000000141995   0.000000000025244                   0
   0.000006578771783   0.000000000302923   0.000000001868023   0.000000000810949   0.000000000164083   0.000000000056798


corrida =

    11


Solutions =

   1.0e-18 *

   0.000294134513038   0.000000006424483   0.000000000050487   0.000000000063109   0.000000000242969   0.000000000053643
   0.000014423457060   0.000000002473868   0.000000000100974   0.000000000050487   0.000000002505422   0.000000000113596
   0.682431972223457   0.000000007879143   0.000000000012622   0.000000000082042   0.000000000381809                   0
   0.000035250498830   0.000000005111819   0.000000000025244   0.000000000012622   0.000000001981619   0.000000000041021
   0.002304437641945   0.000000000063109   0.000000000050487   0.000000000003155   0.000000000214570   0.000000000003155
   0.000850454874400   0.000000017796702   0.000000000050487   0.000000000041021   0.000000000921390   0.000000000050487
   0.000253671868212   0.000000003887507   0.000000000214570   0.000000000012622   0.000000000454384                   0
   0.000062270133415   0.000000005695576                   0   0.000000000078886   0.000000001773359                   0
   0.000034574855242   0.000000001009742   0.000000000053643   0.000000000141995   0.000000000025244                   0
   0.000006578771783   0.000000000302923   0.000000001868023   0.000000000810949   0.000000000164083   0.000000000056798
   0.000809751582822   0.000000001770204   0.000000000028399   0.000000000012622   0.000000000596379   0.000000000015777


corrida =

    12


Solutions =

   1.0e-18 *

   0.000294134513038   0.000000006424483   0.000000000050487   0.000000000063109   0.000000000242969   0.000000000053643
   0.000014423457060   0.000000002473868   0.000000000100974   0.000000000050487   0.000000002505422   0.000000000113596
   0.682431972223457   0.000000007879143   0.000000000012622   0.000000000082042   0.000000000381809                   0
   0.000035250498830   0.000000005111819   0.000000000025244   0.000000000012622   0.000000001981619   0.000000000041021
   0.002304437641945   0.000000000063109   0.000000000050487   0.000000000003155   0.000000000214570   0.000000000003155
   0.000850454874400   0.000000017796702   0.000000000050487   0.000000000041021   0.000000000921390   0.000000000050487
   0.000253671868212   0.000000003887507   0.000000000214570   0.000000000012622   0.000000000454384                   0
   0.000062270133415   0.000000005695576                   0   0.000000000078886   0.000000001773359                   0
   0.000034574855242   0.000000001009742   0.000000000053643   0.000000000141995   0.000000000025244                   0
   0.000006578771783   0.000000000302923   0.000000001868023   0.000000000810949   0.000000000164083   0.000000000056798
   0.000809751582822   0.000000001770204   0.000000000028399   0.000000000012622   0.000000000596379   0.000000000015777
   0.000050448427973   0.000000004711077   0.000000000504871   0.000000000012622   0.000000000201948   0.000000000012622


corrida =

    13


Solutions =

   1.0e-18 *

   0.000294134513038   0.000000006424483   0.000000000050487   0.000000000063109   0.000000000242969   0.000000000053643
   0.000014423457060   0.000000002473868   0.000000000100974   0.000000000050487   0.000000002505422   0.000000000113596
   0.682431972223457   0.000000007879143   0.000000000012622   0.000000000082042   0.000000000381809                   0
   0.000035250498830   0.000000005111819   0.000000000025244   0.000000000012622   0.000000001981619   0.000000000041021
   0.002304437641945   0.000000000063109   0.000000000050487   0.000000000003155   0.000000000214570   0.000000000003155
   0.000850454874400   0.000000017796702   0.000000000050487   0.000000000041021   0.000000000921390   0.000000000050487
   0.000253671868212   0.000000003887507   0.000000000214570   0.000000000012622   0.000000000454384                   0
   0.000062270133415   0.000000005695576                   0   0.000000000078886   0.000000001773359                   0
   0.000034574855242   0.000000001009742   0.000000000053643   0.000000000141995   0.000000000025244                   0
   0.000006578771783   0.000000000302923   0.000000001868023   0.000000000810949   0.000000000164083   0.000000000056798
   0.000809751582822   0.000000001770204   0.000000000028399   0.000000000012622   0.000000000596379   0.000000000015777
   0.000050448427973   0.000000004711077   0.000000000504871   0.000000000012622   0.000000000201948   0.000000000012622
   0.000107338914978   0.000000002536977                   0   0.000000000012622                   0                   0


corrida =

    14


Solutions =

   1.0e-18 *

   0.000294134513038   0.000000006424483   0.000000000050487   0.000000000063109   0.000000000242969   0.000000000053643
   0.000014423457060   0.000000002473868   0.000000000100974   0.000000000050487   0.000000002505422   0.000000000113596
   0.682431972223457   0.000000007879143   0.000000000012622   0.000000000082042   0.000000000381809                   0
   0.000035250498830   0.000000005111819   0.000000000025244   0.000000000012622   0.000000001981619   0.000000000041021
   0.002304437641945   0.000000000063109   0.000000000050487   0.000000000003155   0.000000000214570   0.000000000003155
   0.000850454874400   0.000000017796702   0.000000000050487   0.000000000041021   0.000000000921390   0.000000000050487
   0.000253671868212   0.000000003887507   0.000000000214570   0.000000000012622   0.000000000454384                   0
   0.000062270133415   0.000000005695576                   0   0.000000000078886   0.000000001773359                   0
   0.000034574855242   0.000000001009742   0.000000000053643   0.000000000141995   0.000000000025244                   0
   0.000006578771783   0.000000000302923   0.000000001868023   0.000000000810949   0.000000000164083   0.000000000056798
   0.000809751582822   0.000000001770204   0.000000000028399   0.000000000012622   0.000000000596379   0.000000000015777
   0.000050448427973   0.000000004711077   0.000000000504871   0.000000000012622   0.000000000201948   0.000000000012622
   0.000107338914978   0.000000002536977                   0   0.000000000012622                   0                   0
   0.110548417081781   0.000000001981619                   0   0.000000000012622   0.000000002893542   0.000000000075731


corrida =

    15


Solutions =

   1.0e-18 *

   0.000294134513038   0.000000006424483   0.000000000050487   0.000000000063109   0.000000000242969   0.000000000053643
   0.000014423457060   0.000000002473868   0.000000000100974   0.000000000050487   0.000000002505422   0.000000000113596
   0.682431972223457   0.000000007879143   0.000000000012622   0.000000000082042   0.000000000381809                   0
   0.000035250498830   0.000000005111819   0.000000000025244   0.000000000012622   0.000000001981619   0.000000000041021
   0.002304437641945   0.000000000063109   0.000000000050487   0.000000000003155   0.000000000214570   0.000000000003155
   0.000850454874400   0.000000017796702   0.000000000050487   0.000000000041021   0.000000000921390   0.000000000050487
   0.000253671868212   0.000000003887507   0.000000000214570   0.000000000012622   0.000000000454384                   0
   0.000062270133415   0.000000005695576                   0   0.000000000078886   0.000000001773359                   0
   0.000034574855242   0.000000001009742   0.000000000053643   0.000000000141995   0.000000000025244                   0
   0.000006578771783   0.000000000302923   0.000000001868023   0.000000000810949   0.000000000164083   0.000000000056798
   0.000809751582822   0.000000001770204   0.000000000028399   0.000000000012622   0.000000000596379   0.000000000015777
   0.000050448427973   0.000000004711077   0.000000000504871   0.000000000012622   0.000000000201948   0.000000000012622
   0.000107338914978   0.000000002536977                   0   0.000000000012622                   0                   0
   0.110548417081781   0.000000001981619                   0   0.000000000012622   0.000000002893542   0.000000000075731
   0.000019327016447   0.000000007550977                   0   0.000000004095766   0.000000000416519                   0


corrida =

    16


Solutions =

   1.0e-18 *

   0.000294134513038   0.000000006424483   0.000000000050487   0.000000000063109   0.000000000242969   0.000000000053643
   0.000014423457060   0.000000002473868   0.000000000100974   0.000000000050487   0.000000002505422   0.000000000113596
   0.682431972223457   0.000000007879143   0.000000000012622   0.000000000082042   0.000000000381809                   0
   0.000035250498830   0.000000005111819   0.000000000025244   0.000000000012622   0.000000001981619   0.000000000041021
   0.002304437641945   0.000000000063109   0.000000000050487   0.000000000003155   0.000000000214570   0.000000000003155
   0.000850454874400   0.000000017796702   0.000000000050487   0.000000000041021   0.000000000921390   0.000000000050487
   0.000253671868212   0.000000003887507   0.000000000214570   0.000000000012622   0.000000000454384                   0
   0.000062270133415   0.000000005695576                   0   0.000000000078886   0.000000001773359                   0
   0.000034574855242   0.000000001009742   0.000000000053643   0.000000000141995   0.000000000025244                   0
   0.000006578771783   0.000000000302923   0.000000001868023   0.000000000810949   0.000000000164083   0.000000000056798
   0.000809751582822   0.000000001770204   0.000000000028399   0.000000000012622   0.000000000596379   0.000000000015777
   0.000050448427973   0.000000004711077   0.000000000504871   0.000000000012622   0.000000000201948   0.000000000012622
   0.000107338914978   0.000000002536977                   0   0.000000000012622                   0                   0
   0.110548417081781   0.000000001981619                   0   0.000000000012622   0.000000002893542   0.000000000075731
   0.000019327016447   0.000000007550977                   0   0.000000004095766   0.000000000416519                   0
   0.000009911604978   0.000000006389773   0.000000000050487                   0   0.000000006727406                   0


corrida =

    17


Solutions =

   1.0e-18 *

   0.000294134513038   0.000000006424483   0.000000000050487   0.000000000063109   0.000000000242969   0.000000000053643
   0.000014423457060   0.000000002473868   0.000000000100974   0.000000000050487   0.000000002505422   0.000000000113596
   0.682431972223457   0.000000007879143   0.000000000012622   0.000000000082042   0.000000000381809                   0
   0.000035250498830   0.000000005111819   0.000000000025244   0.000000000012622   0.000000001981619   0.000000000041021
   0.002304437641945   0.000000000063109   0.000000000050487   0.000000000003155   0.000000000214570   0.000000000003155
   0.000850454874400   0.000000017796702   0.000000000050487   0.000000000041021   0.000000000921390   0.000000000050487
   0.000253671868212   0.000000003887507   0.000000000214570   0.000000000012622   0.000000000454384                   0
   0.000062270133415   0.000000005695576                   0   0.000000000078886   0.000000001773359                   0
   0.000034574855242   0.000000001009742   0.000000000053643   0.000000000141995   0.000000000025244                   0
   0.000006578771783   0.000000000302923   0.000000001868023   0.000000000810949   0.000000000164083   0.000000000056798
   0.000809751582822   0.000000001770204   0.000000000028399   0.000000000012622   0.000000000596379   0.000000000015777
   0.000050448427973   0.000000004711077   0.000000000504871   0.000000000012622   0.000000000201948   0.000000000012622
   0.000107338914978   0.000000002536977                   0   0.000000000012622                   0                   0
   0.110548417081781   0.000000001981619                   0   0.000000000012622   0.000000002893542   0.000000000075731
   0.000019327016447   0.000000007550977                   0   0.000000004095766   0.000000000416519                   0
   0.000009911604978   0.000000006389773   0.000000000050487                   0   0.000000006727406                   0
   0.000333946669472   0.000000003524631   0.000000000091508   0.000000000012622   0.000000000280834                   0


corrida =

    18


Solutions =

   1.0e-18 *

   0.000294134513038   0.000000006424483   0.000000000050487   0.000000000063109   0.000000000242969   0.000000000053643
   0.000014423457060   0.000000002473868   0.000000000100974   0.000000000050487   0.000000002505422   0.000000000113596
   0.682431972223457   0.000000007879143   0.000000000012622   0.000000000082042   0.000000000381809                   0
   0.000035250498830   0.000000005111819   0.000000000025244   0.000000000012622   0.000000001981619   0.000000000041021
   0.002304437641945   0.000000000063109   0.000000000050487   0.000000000003155   0.000000000214570   0.000000000003155
   0.000850454874400   0.000000017796702   0.000000000050487   0.000000000041021   0.000000000921390   0.000000000050487
   0.000253671868212   0.000000003887507   0.000000000214570   0.000000000012622   0.000000000454384                   0
   0.000062270133415   0.000000005695576                   0   0.000000000078886   0.000000001773359                   0
   0.000034574855242   0.000000001009742   0.000000000053643   0.000000000141995   0.000000000025244                   0
   0.000006578771783   0.000000000302923   0.000000001868023   0.000000000810949   0.000000000164083   0.000000000056798
   0.000809751582822   0.000000001770204   0.000000000028399   0.000000000012622   0.000000000596379   0.000000000015777
   0.000050448427973   0.000000004711077   0.000000000504871   0.000000000012622   0.000000000201948   0.000000000012622
   0.000107338914978   0.000000002536977                   0   0.000000000012622                   0                   0
   0.110548417081781   0.000000001981619                   0   0.000000000012622   0.000000002893542   0.000000000075731
   0.000019327016447   0.000000007550977                   0   0.000000004095766   0.000000000416519                   0
   0.000009911604978   0.000000006389773   0.000000000050487                   0   0.000000006727406                   0
   0.000333946669472   0.000000003524631   0.000000000091508   0.000000000012622   0.000000000280834                   0
   0.000011951940067   0.000000001123338   0.000000000366031   0.000000000318700   0.000000000113596   0.000000000179860


corrida =

    19


Solutions =

   1.0e-18 *

   0.000294134513038   0.000000006424483   0.000000000050487   0.000000000063109   0.000000000242969   0.000000000053643
   0.000014423457060   0.000000002473868   0.000000000100974   0.000000000050487   0.000000002505422   0.000000000113596
   0.682431972223457   0.000000007879143   0.000000000012622   0.000000000082042   0.000000000381809                   0
   0.000035250498830   0.000000005111819   0.000000000025244   0.000000000012622   0.000000001981619   0.000000000041021
   0.002304437641945   0.000000000063109   0.000000000050487   0.000000000003155   0.000000000214570   0.000000000003155
   0.000850454874400   0.000000017796702   0.000000000050487   0.000000000041021   0.000000000921390   0.000000000050487
   0.000253671868212   0.000000003887507   0.000000000214570   0.000000000012622   0.000000000454384                   0
   0.000062270133415   0.000000005695576                   0   0.000000000078886   0.000000001773359                   0
   0.000034574855242   0.000000001009742   0.000000000053643   0.000000000141995   0.000000000025244                   0
   0.000006578771783   0.000000000302923   0.000000001868023   0.000000000810949   0.000000000164083   0.000000000056798
   0.000809751582822   0.000000001770204   0.000000000028399   0.000000000012622   0.000000000596379   0.000000000015777
   0.000050448427973   0.000000004711077   0.000000000504871   0.000000000012622   0.000000000201948   0.000000000012622
   0.000107338914978   0.000000002536977                   0   0.000000000012622                   0                   0
   0.110548417081781   0.000000001981619                   0   0.000000000012622   0.000000002893542   0.000000000075731
   0.000019327016447   0.000000007550977                   0   0.000000004095766   0.000000000416519                   0
   0.000009911604978   0.000000006389773   0.000000000050487                   0   0.000000006727406                   0
   0.000333946669472   0.000000003524631   0.000000000091508   0.000000000012622   0.000000000280834                   0
   0.000011951940067   0.000000001123338   0.000000000366031   0.000000000318700   0.000000000113596   0.000000000179860
   0.000007119400250   0.000000004281937   0.000000000003155   0.000000000091508   0.000000000063109   0.000000000227192


corrida =

    20


Solutions =

   1.0e-18 *

   0.000294134513038   0.000000006424483   0.000000000050487   0.000000000063109   0.000000000242969   0.000000000053643
   0.000014423457060   0.000000002473868   0.000000000100974   0.000000000050487   0.000000002505422   0.000000000113596
   0.682431972223457   0.000000007879143   0.000000000012622   0.000000000082042   0.000000000381809                   0
   0.000035250498830   0.000000005111819   0.000000000025244   0.000000000012622   0.000000001981619   0.000000000041021
   0.002304437641945   0.000000000063109   0.000000000050487   0.000000000003155   0.000000000214570   0.000000000003155
   0.000850454874400   0.000000017796702   0.000000000050487   0.000000000041021   0.000000000921390   0.000000000050487
   0.000253671868212   0.000000003887507   0.000000000214570   0.000000000012622   0.000000000454384                   0
   0.000062270133415   0.000000005695576                   0   0.000000000078886   0.000000001773359                   0
   0.000034574855242   0.000000001009742   0.000000000053643   0.000000000141995   0.000000000025244                   0
   0.000006578771783   0.000000000302923   0.000000001868023   0.000000000810949   0.000000000164083   0.000000000056798
   0.000809751582822   0.000000001770204   0.000000000028399   0.000000000012622   0.000000000596379   0.000000000015777
   0.000050448427973   0.000000004711077   0.000000000504871   0.000000000012622   0.000000000201948   0.000000000012622
   0.000107338914978   0.000000002536977                   0   0.000000000012622                   0                   0
   0.110548417081781   0.000000001981619                   0   0.000000000012622   0.000000002893542   0.000000000075731
   0.000019327016447   0.000000007550977                   0   0.000000004095766   0.000000000416519                   0
   0.000009911604978   0.000000006389773   0.000000000050487                   0   0.000000006727406                   0
   0.000333946669472   0.000000003524631   0.000000000091508   0.000000000012622   0.000000000280834                   0
   0.000011951940067   0.000000001123338   0.000000000366031   0.000000000318700   0.000000000113596   0.000000000179860
   0.000007119400250   0.000000004281937   0.000000000003155   0.000000000091508   0.000000000063109   0.000000000227192
   0.000014865938608   0.000000003079713   0.000000000444918   0.000000000306078   0.000000000126218                   0


corrida =

    21


Solutions =

   1.0e-18 *

   0.000294134513038   0.000000006424483   0.000000000050487   0.000000000063109   0.000000000242969   0.000000000053643
   0.000014423457060   0.000000002473868   0.000000000100974   0.000000000050487   0.000000002505422   0.000000000113596
   0.682431972223457   0.000000007879143   0.000000000012622   0.000000000082042   0.000000000381809                   0
   0.000035250498830   0.000000005111819   0.000000000025244   0.000000000012622   0.000000001981619   0.000000000041021
   0.002304437641945   0.000000000063109   0.000000000050487   0.000000000003155   0.000000000214570   0.000000000003155
   0.000850454874400   0.000000017796702   0.000000000050487   0.000000000041021   0.000000000921390   0.000000000050487
   0.000253671868212   0.000000003887507   0.000000000214570   0.000000000012622   0.000000000454384                   0
   0.000062270133415   0.000000005695576                   0   0.000000000078886   0.000000001773359                   0
   0.000034574855242   0.000000001009742   0.000000000053643   0.000000000141995   0.000000000025244                   0
   0.000006578771783   0.000000000302923   0.000000001868023   0.000000000810949   0.000000000164083   0.000000000056798
   0.000809751582822   0.000000001770204   0.000000000028399   0.000000000012622   0.000000000596379   0.000000000015777
   0.000050448427973   0.000000004711077   0.000000000504871   0.000000000012622   0.000000000201948   0.000000000012622
   0.000107338914978   0.000000002536977                   0   0.000000000012622                   0                   0
   0.110548417081781   0.000000001981619                   0   0.000000000012622   0.000000002893542   0.000000000075731
   0.000019327016447   0.000000007550977                   0   0.000000004095766   0.000000000416519                   0
   0.000009911604978   0.000000006389773   0.000000000050487                   0   0.000000006727406                   0
   0.000333946669472   0.000000003524631   0.000000000091508   0.000000000012622   0.000000000280834                   0
   0.000011951940067   0.000000001123338   0.000000000366031   0.000000000318700   0.000000000113596   0.000000000179860
   0.000007119400250   0.000000004281937   0.000000000003155   0.000000000091508   0.000000000063109   0.000000000227192
   0.000014865938608   0.000000003079713   0.000000000444918   0.000000000306078   0.000000000126218                   0
   0.000138140474961   0.000000000255591   0.000000000015777   0.000000004777342   0.000000000050487   0.000000000003155


corrida =

    22


Solutions =

   1.0e-18 *

   0.000294134513038   0.000000006424483   0.000000000050487   0.000000000063109   0.000000000242969   0.000000000053643
   0.000014423457060   0.000000002473868   0.000000000100974   0.000000000050487   0.000000002505422   0.000000000113596
   0.682431972223457   0.000000007879143   0.000000000012622   0.000000000082042   0.000000000381809                   0
   0.000035250498830   0.000000005111819   0.000000000025244   0.000000000012622   0.000000001981619   0.000000000041021
   0.002304437641945   0.000000000063109   0.000000000050487   0.000000000003155   0.000000000214570   0.000000000003155
   0.000850454874400   0.000000017796702   0.000000000050487   0.000000000041021   0.000000000921390   0.000000000050487
   0.000253671868212   0.000000003887507   0.000000000214570   0.000000000012622   0.000000000454384                   0
   0.000062270133415   0.000000005695576                   0   0.000000000078886   0.000000001773359                   0
   0.000034574855242   0.000000001009742   0.000000000053643   0.000000000141995   0.000000000025244                   0
   0.000006578771783   0.000000000302923   0.000000001868023   0.000000000810949   0.000000000164083   0.000000000056798
   0.000809751582822   0.000000001770204   0.000000000028399   0.000000000012622   0.000000000596379   0.000000000015777
   0.000050448427973   0.000000004711077   0.000000000504871   0.000000000012622   0.000000000201948   0.000000000012622
   0.000107338914978   0.000000002536977                   0   0.000000000012622                   0                   0
   0.110548417081781   0.000000001981619                   0   0.000000000012622   0.000000002893542   0.000000000075731
   0.000019327016447   0.000000007550977                   0   0.000000004095766   0.000000000416519                   0
   0.000009911604978   0.000000006389773   0.000000000050487                   0   0.000000006727406                   0
   0.000333946669472   0.000000003524631   0.000000000091508   0.000000000012622   0.000000000280834                   0
   0.000011951940067   0.000000001123338   0.000000000366031   0.000000000318700   0.000000000113596   0.000000000179860
   0.000007119400250   0.000000004281937   0.000000000003155   0.000000000091508   0.000000000063109   0.000000000227192
   0.000014865938608   0.000000003079713   0.000000000444918   0.000000000306078   0.000000000126218                   0
   0.000138140474961   0.000000000255591   0.000000000015777   0.000000004777342   0.000000000050487   0.000000000003155
   0.000004845186835   0.000000017951319                   0                   0   0.000000000091508   0.000000000003155


corrida =

    23


Solutions =

   1.0e-18 *

   0.000294134513038   0.000000006424483   0.000000000050487   0.000000000063109   0.000000000242969   0.000000000053643
   0.000014423457060   0.000000002473868   0.000000000100974   0.000000000050487   0.000000002505422   0.000000000113596
   0.682431972223457   0.000000007879143   0.000000000012622   0.000000000082042   0.000000000381809                   0
   0.000035250498830   0.000000005111819   0.000000000025244   0.000000000012622   0.000000001981619   0.000000000041021
   0.002304437641945   0.000000000063109   0.000000000050487   0.000000000003155   0.000000000214570   0.000000000003155
   0.000850454874400   0.000000017796702   0.000000000050487   0.000000000041021   0.000000000921390   0.000000000050487
   0.000253671868212   0.000000003887507   0.000000000214570   0.000000000012622   0.000000000454384                   0
   0.000062270133415   0.000000005695576                   0   0.000000000078886   0.000000001773359                   0
   0.000034574855242   0.000000001009742   0.000000000053643   0.000000000141995   0.000000000025244                   0
   0.000006578771783   0.000000000302923   0.000000001868023   0.000000000810949   0.000000000164083   0.000000000056798
   0.000809751582822   0.000000001770204   0.000000000028399   0.000000000012622   0.000000000596379   0.000000000015777
   0.000050448427973   0.000000004711077   0.000000000504871   0.000000000012622   0.000000000201948   0.000000000012622
   0.000107338914978   0.000000002536977                   0   0.000000000012622                   0                   0
   0.110548417081781   0.000000001981619                   0   0.000000000012622   0.000000002893542   0.000000000075731
   0.000019327016447   0.000000007550977                   0   0.000000004095766   0.000000000416519                   0
   0.000009911604978   0.000000006389773   0.000000000050487                   0   0.000000006727406                   0
   0.000333946669472   0.000000003524631   0.000000000091508   0.000000000012622   0.000000000280834                   0
   0.000011951940067   0.000000001123338   0.000000000366031   0.000000000318700   0.000000000113596   0.000000000179860
   0.000007119400250   0.000000004281937   0.000000000003155   0.000000000091508   0.000000000063109   0.000000000227192
   0.000014865938608   0.000000003079713   0.000000000444918   0.000000000306078   0.000000000126218                   0
   0.000138140474961   0.000000000255591   0.000000000015777   0.000000004777342   0.000000000050487   0.000000000003155
   0.000004845186835   0.000000017951319                   0                   0   0.000000000091508   0.000000000003155
   0.000000278347993   0.000000001628209   0.000000000012622   0.000000000050487   0.000000000214570   0.000000000012622


corrida =

    24


Solutions =

   1.0e-18 *

   0.000294134513038   0.000000006424483   0.000000000050487   0.000000000063109   0.000000000242969   0.000000000053643
   0.000014423457060   0.000000002473868   0.000000000100974   0.000000000050487   0.000000002505422   0.000000000113596
   0.682431972223457   0.000000007879143   0.000000000012622   0.000000000082042   0.000000000381809                   0
   0.000035250498830   0.000000005111819   0.000000000025244   0.000000000012622   0.000000001981619   0.000000000041021
   0.002304437641945   0.000000000063109   0.000000000050487   0.000000000003155   0.000000000214570   0.000000000003155
   0.000850454874400   0.000000017796702   0.000000000050487   0.000000000041021   0.000000000921390   0.000000000050487
   0.000253671868212   0.000000003887507   0.000000000214570   0.000000000012622   0.000000000454384                   0
   0.000062270133415   0.000000005695576                   0   0.000000000078886   0.000000001773359                   0
   0.000034574855242   0.000000001009742   0.000000000053643   0.000000000141995   0.000000000025244                   0
   0.000006578771783   0.000000000302923   0.000000001868023   0.000000000810949   0.000000000164083   0.000000000056798
   0.000809751582822   0.000000001770204   0.000000000028399   0.000000000012622   0.000000000596379   0.000000000015777
   0.000050448427973   0.000000004711077   0.000000000504871   0.000000000012622   0.000000000201948   0.000000000012622
   0.000107338914978   0.000000002536977                   0   0.000000000012622                   0                   0
   0.110548417081781   0.000000001981619                   0   0.000000000012622   0.000000002893542   0.000000000075731
   0.000019327016447   0.000000007550977                   0   0.000000004095766   0.000000000416519                   0
   0.000009911604978   0.000000006389773   0.000000000050487                   0   0.000000006727406                   0
   0.000333946669472   0.000000003524631   0.000000000091508   0.000000000012622   0.000000000280834                   0
   0.000011951940067   0.000000001123338   0.000000000366031   0.000000000318700   0.000000000113596   0.000000000179860
   0.000007119400250   0.000000004281937   0.000000000003155   0.000000000091508   0.000000000063109   0.000000000227192
   0.000014865938608   0.000000003079713   0.000000000444918   0.000000000306078   0.000000000126218                   0
   0.000138140474961   0.000000000255591   0.000000000015777   0.000000004777342   0.000000000050487   0.000000000003155
   0.000004845186835   0.000000017951319                   0                   0   0.000000000091508   0.000000000003155
   0.000000278347993   0.000000001628209   0.000000000012622   0.000000000050487   0.000000000214570   0.000000000012622
   0.037994672266418   0.000000001325286   0.000000000214570   0.000000000063109   0.000000008649071   0.000000000050487


corrida =

    25


Solutions =

   1.0e-18 *

   0.000294134513038   0.000000006424483   0.000000000050487   0.000000000063109   0.000000000242969   0.000000000053643
   0.000014423457060   0.000000002473868   0.000000000100974   0.000000000050487   0.000000002505422   0.000000000113596
   0.682431972223457   0.000000007879143   0.000000000012622   0.000000000082042   0.000000000381809                   0
   0.000035250498830   0.000000005111819   0.000000000025244   0.000000000012622   0.000000001981619   0.000000000041021
   0.002304437641945   0.000000000063109   0.000000000050487   0.000000000003155   0.000000000214570   0.000000000003155
   0.000850454874400   0.000000017796702   0.000000000050487   0.000000000041021   0.000000000921390   0.000000000050487
   0.000253671868212   0.000000003887507   0.000000000214570   0.000000000012622   0.000000000454384                   0
   0.000062270133415   0.000000005695576                   0   0.000000000078886   0.000000001773359                   0
   0.000034574855242   0.000000001009742   0.000000000053643   0.000000000141995   0.000000000025244                   0
   0.000006578771783   0.000000000302923   0.000000001868023   0.000000000810949   0.000000000164083   0.000000000056798
   0.000809751582822   0.000000001770204   0.000000000028399   0.000000000012622   0.000000000596379   0.000000000015777
   0.000050448427973   0.000000004711077   0.000000000504871   0.000000000012622   0.000000000201948   0.000000000012622
   0.000107338914978   0.000000002536977                   0   0.000000000012622                   0                   0
   0.110548417081781   0.000000001981619                   0   0.000000000012622   0.000000002893542   0.000000000075731
   0.000019327016447   0.000000007550977                   0   0.000000004095766   0.000000000416519                   0
   0.000009911604978   0.000000006389773   0.000000000050487                   0   0.000000006727406                   0
   0.000333946669472   0.000000003524631   0.000000000091508   0.000000000012622   0.000000000280834                   0
   0.000011951940067   0.000000001123338   0.000000000366031   0.000000000318700   0.000000000113596   0.000000000179860
   0.000007119400250   0.000000004281937   0.000000000003155   0.000000000091508   0.000000000063109   0.000000000227192
   0.000014865938608   0.000000003079713   0.000000000444918   0.000000000306078   0.000000000126218                   0
   0.000138140474961   0.000000000255591   0.000000000015777   0.000000004777342   0.000000000050487   0.000000000003155
   0.000004845186835   0.000000017951319                   0                   0   0.000000000091508   0.000000000003155
   0.000000278347993   0.000000001628209   0.000000000012622   0.000000000050487   0.000000000214570   0.000000000012622
   0.037994672266418   0.000000001325286   0.000000000214570   0.000000000063109   0.000000008649071   0.000000000050487
   0.001563426136226   0.000000000668954   0.000000000012622   0.000000000100974   0.000000000227192                   0


corrida =

    26


Solutions =

   1.0e-18 *

   0.000294134513038   0.000000006424483   0.000000000050487   0.000000000063109   0.000000000242969   0.000000000053643
   0.000014423457060   0.000000002473868   0.000000000100974   0.000000000050487   0.000000002505422   0.000000000113596
   0.682431972223457   0.000000007879143   0.000000000012622   0.000000000082042   0.000000000381809                   0
   0.000035250498830   0.000000005111819   0.000000000025244   0.000000000012622   0.000000001981619   0.000000000041021
   0.002304437641945   0.000000000063109   0.000000000050487   0.000000000003155   0.000000000214570   0.000000000003155
   0.000850454874400   0.000000017796702   0.000000000050487   0.000000000041021   0.000000000921390   0.000000000050487
   0.000253671868212   0.000000003887507   0.000000000214570   0.000000000012622   0.000000000454384                   0
   0.000062270133415   0.000000005695576                   0   0.000000000078886   0.000000001773359                   0
   0.000034574855242   0.000000001009742   0.000000000053643   0.000000000141995   0.000000000025244                   0
   0.000006578771783   0.000000000302923   0.000000001868023   0.000000000810949   0.000000000164083   0.000000000056798
   0.000809751582822   0.000000001770204   0.000000000028399   0.000000000012622   0.000000000596379   0.000000000015777
   0.000050448427973   0.000000004711077   0.000000000504871   0.000000000012622   0.000000000201948   0.000000000012622
   0.000107338914978   0.000000002536977                   0   0.000000000012622                   0                   0
   0.110548417081781   0.000000001981619                   0   0.000000000012622   0.000000002893542   0.000000000075731
   0.000019327016447   0.000000007550977                   0   0.000000004095766   0.000000000416519                   0
   0.000009911604978   0.000000006389773   0.000000000050487                   0   0.000000006727406                   0
   0.000333946669472   0.000000003524631   0.000000000091508   0.000000000012622   0.000000000280834                   0
   0.000011951940067   0.000000001123338   0.000000000366031   0.000000000318700   0.000000000113596   0.000000000179860
   0.000007119400250   0.000000004281937   0.000000000003155   0.000000000091508   0.000000000063109   0.000000000227192
   0.000014865938608   0.000000003079713   0.000000000444918   0.000000000306078   0.000000000126218                   0
   0.000138140474961   0.000000000255591   0.000000000015777   0.000000004777342   0.000000000050487   0.000000000003155
   0.000004845186835   0.000000017951319                   0                   0   0.000000000091508   0.000000000003155
   0.000000278347993   0.000000001628209   0.000000000012622   0.000000000050487   0.000000000214570   0.000000000012622
   0.037994672266418   0.000000001325286   0.000000000214570   0.000000000063109   0.000000008649071   0.000000000050487
   0.001563426136226   0.000000000668954   0.000000000012622   0.000000000100974   0.000000000227192                   0
   0.000205636171318   0.000000000908768   0.000000000242969   0.000000000050487   0.000000000328166                   0


corrida =

    27


Solutions =

   1.0e-18 *

   0.000294134513038   0.000000006424483   0.000000000050487   0.000000000063109   0.000000000242969   0.000000000053643
   0.000014423457060   0.000000002473868   0.000000000100974   0.000000000050487   0.000000002505422   0.000000000113596
   0.682431972223457   0.000000007879143   0.000000000012622   0.000000000082042   0.000000000381809                   0
   0.000035250498830   0.000000005111819   0.000000000025244   0.000000000012622   0.000000001981619   0.000000000041021
   0.002304437641945   0.000000000063109   0.000000000050487   0.000000000003155   0.000000000214570   0.000000000003155
   0.000850454874400   0.000000017796702   0.000000000050487   0.000000000041021   0.000000000921390   0.000000000050487
   0.000253671868212   0.000000003887507   0.000000000214570   0.000000000012622   0.000000000454384                   0
   0.000062270133415   0.000000005695576                   0   0.000000000078886   0.000000001773359                   0
   0.000034574855242   0.000000001009742   0.000000000053643   0.000000000141995   0.000000000025244                   0
   0.000006578771783   0.000000000302923   0.000000001868023   0.000000000810949   0.000000000164083   0.000000000056798
   0.000809751582822   0.000000001770204   0.000000000028399   0.000000000012622   0.000000000596379   0.000000000015777
   0.000050448427973   0.000000004711077   0.000000000504871   0.000000000012622   0.000000000201948   0.000000000012622
   0.000107338914978   0.000000002536977                   0   0.000000000012622                   0                   0
   0.110548417081781   0.000000001981619                   0   0.000000000012622   0.000000002893542   0.000000000075731
   0.000019327016447   0.000000007550977                   0   0.000000004095766   0.000000000416519                   0
   0.000009911604978   0.000000006389773   0.000000000050487                   0   0.000000006727406                   0
   0.000333946669472   0.000000003524631   0.000000000091508   0.000000000012622   0.000000000280834                   0
   0.000011951940067   0.000000001123338   0.000000000366031   0.000000000318700   0.000000000113596   0.000000000179860
   0.000007119400250   0.000000004281937   0.000000000003155   0.000000000091508   0.000000000063109   0.000000000227192
   0.000014865938608   0.000000003079713   0.000000000444918   0.000000000306078   0.000000000126218                   0
   0.000138140474961   0.000000000255591   0.000000000015777   0.000000004777342   0.000000000050487   0.000000000003155
   0.000004845186835   0.000000017951319                   0                   0   0.000000000091508   0.000000000003155
   0.000000278347993   0.000000001628209   0.000000000012622   0.000000000050487   0.000000000214570   0.000000000012622
   0.037994672266418   0.000000001325286   0.000000000214570   0.000000000063109   0.000000008649071   0.000000000050487
   0.001563426136226   0.000000000668954   0.000000000012622   0.000000000100974   0.000000000227192                   0
   0.000205636171318   0.000000000908768   0.000000000242969   0.000000000050487   0.000000000328166                   0
   0.000000000861436   0.000000001590344   0.000000001909043   0.000000002249831   0.000000000467006   0.000000000050487


corrida =

    28


Solutions =

   1.0e-18 *

   0.000294134513038   0.000000006424483   0.000000000050487   0.000000000063109   0.000000000242969   0.000000000053643
   0.000014423457060   0.000000002473868   0.000000000100974   0.000000000050487   0.000000002505422   0.000000000113596
   0.682431972223457   0.000000007879143   0.000000000012622   0.000000000082042   0.000000000381809                   0
   0.000035250498830   0.000000005111819   0.000000000025244   0.000000000012622   0.000000001981619   0.000000000041021
   0.002304437641945   0.000000000063109   0.000000000050487   0.000000000003155   0.000000000214570   0.000000000003155
   0.000850454874400   0.000000017796702   0.000000000050487   0.000000000041021   0.000000000921390   0.000000000050487
   0.000253671868212   0.000000003887507   0.000000000214570   0.000000000012622   0.000000000454384                   0
   0.000062270133415   0.000000005695576                   0   0.000000000078886   0.000000001773359                   0
   0.000034574855242   0.000000001009742   0.000000000053643   0.000000000141995   0.000000000025244                   0
   0.000006578771783   0.000000000302923   0.000000001868023   0.000000000810949   0.000000000164083   0.000000000056798
   0.000809751582822   0.000000001770204   0.000000000028399   0.000000000012622   0.000000000596379   0.000000000015777
   0.000050448427973   0.000000004711077   0.000000000504871   0.000000000012622   0.000000000201948   0.000000000012622
   0.000107338914978   0.000000002536977                   0   0.000000000012622                   0                   0
   0.110548417081781   0.000000001981619                   0   0.000000000012622   0.000000002893542   0.000000000075731
   0.000019327016447   0.000000007550977                   0   0.000000004095766   0.000000000416519                   0
   0.000009911604978   0.000000006389773   0.000000000050487                   0   0.000000006727406                   0
   0.000333946669472   0.000000003524631   0.000000000091508   0.000000000012622   0.000000000280834                   0
   0.000011951940067   0.000000001123338   0.000000000366031   0.000000000318700   0.000000000113596   0.000000000179860
   0.000007119400250   0.000000004281937   0.000000000003155   0.000000000091508   0.000000000063109   0.000000000227192
   0.000014865938608   0.000000003079713   0.000000000444918   0.000000000306078   0.000000000126218                   0
   0.000138140474961   0.000000000255591   0.000000000015777   0.000000004777342   0.000000000050487   0.000000000003155
   0.000004845186835   0.000000017951319                   0                   0   0.000000000091508   0.000000000003155
   0.000000278347993   0.000000001628209   0.000000000012622   0.000000000050487   0.000000000214570   0.000000000012622
   0.037994672266418   0.000000001325286   0.000000000214570   0.000000000063109   0.000000008649071   0.000000000050487
   0.001563426136226   0.000000000668954   0.000000000012622   0.000000000100974   0.000000000227192                   0
   0.000205636171318   0.000000000908768   0.000000000242969   0.000000000050487   0.000000000328166                   0
   0.000000000861436   0.000000001590344   0.000000001909043   0.000000002249831   0.000000000467006   0.000000000050487
   0.000006806317134   0.000000000227192                   0   0.000000001416794   0.000000000129373                   0


corrida =

    29


Solutions =

   1.0e-18 *

   0.000294134513038   0.000000006424483   0.000000000050487   0.000000000063109   0.000000000242969   0.000000000053643
   0.000014423457060   0.000000002473868   0.000000000100974   0.000000000050487   0.000000002505422   0.000000000113596
   0.682431972223457   0.000000007879143   0.000000000012622   0.000000000082042   0.000000000381809                   0
   0.000035250498830   0.000000005111819   0.000000000025244   0.000000000012622   0.000000001981619   0.000000000041021
   0.002304437641945   0.000000000063109   0.000000000050487   0.000000000003155   0.000000000214570   0.000000000003155
   0.000850454874400   0.000000017796702   0.000000000050487   0.000000000041021   0.000000000921390   0.000000000050487
   0.000253671868212   0.000000003887507   0.000000000214570   0.000000000012622   0.000000000454384                   0
   0.000062270133415   0.000000005695576                   0   0.000000000078886   0.000000001773359                   0
   0.000034574855242   0.000000001009742   0.000000000053643   0.000000000141995   0.000000000025244                   0
   0.000006578771783   0.000000000302923   0.000000001868023   0.000000000810949   0.000000000164083   0.000000000056798
   0.000809751582822   0.000000001770204   0.000000000028399   0.000000000012622   0.000000000596379   0.000000000015777
   0.000050448427973   0.000000004711077   0.000000000504871   0.000000000012622   0.000000000201948   0.000000000012622
   0.000107338914978   0.000000002536977                   0   0.000000000012622                   0                   0
   0.110548417081781   0.000000001981619                   0   0.000000000012622   0.000000002893542   0.000000000075731
   0.000019327016447   0.000000007550977                   0   0.000000004095766   0.000000000416519                   0
   0.000009911604978   0.000000006389773   0.000000000050487                   0   0.000000006727406                   0
   0.000333946669472   0.000000003524631   0.000000000091508   0.000000000012622   0.000000000280834                   0
   0.000011951940067   0.000000001123338   0.000000000366031   0.000000000318700   0.000000000113596   0.000000000179860
   0.000007119400250   0.000000004281937   0.000000000003155   0.000000000091508   0.000000000063109   0.000000000227192
   0.000014865938608   0.000000003079713   0.000000000444918   0.000000000306078   0.000000000126218                   0
   0.000138140474961   0.000000000255591   0.000000000015777   0.000000004777342   0.000000000050487   0.000000000003155
   0.000004845186835   0.000000017951319                   0                   0   0.000000000091508   0.000000000003155
   0.000000278347993   0.000000001628209   0.000000000012622   0.000000000050487   0.000000000214570   0.000000000012622
   0.037994672266418   0.000000001325286   0.000000000214570   0.000000000063109   0.000000008649071   0.000000000050487
   0.001563426136226   0.000000000668954   0.000000000012622   0.000000000100974   0.000000000227192                   0
   0.000205636171318   0.000000000908768   0.000000000242969   0.000000000050487   0.000000000328166                   0
   0.000000000861436   0.000000001590344   0.000000001909043   0.000000002249831   0.000000000467006   0.000000000050487
   0.000006806317134   0.000000000227192                   0   0.000000001416794   0.000000000129373                   0
   0.000002367554592   0.000000002637951   0.000000000858281   0.000000000056798                   0   0.000000000908768


corrida =

    30


Solutions =

   1.0e-18 *

   0.000294134513038   0.000000006424483   0.000000000050487   0.000000000063109   0.000000000242969   0.000000000053643
   0.000014423457060   0.000000002473868   0.000000000100974   0.000000000050487   0.000000002505422   0.000000000113596
   0.682431972223457   0.000000007879143   0.000000000012622   0.000000000082042   0.000000000381809                   0
   0.000035250498830   0.000000005111819   0.000000000025244   0.000000000012622   0.000000001981619   0.000000000041021
   0.002304437641945   0.000000000063109   0.000000000050487   0.000000000003155   0.000000000214570   0.000000000003155
   0.000850454874400   0.000000017796702   0.000000000050487   0.000000000041021   0.000000000921390   0.000000000050487
   0.000253671868212   0.000000003887507   0.000000000214570   0.000000000012622   0.000000000454384                   0
   0.000062270133415   0.000000005695576                   0   0.000000000078886   0.000000001773359                   0
   0.000034574855242   0.000000001009742   0.000000000053643   0.000000000141995   0.000000000025244                   0
   0.000006578771783   0.000000000302923   0.000000001868023   0.000000000810949   0.000000000164083   0.000000000056798
   0.000809751582822   0.000000001770204   0.000000000028399   0.000000000012622   0.000000000596379   0.000000000015777
   0.000050448427973   0.000000004711077   0.000000000504871   0.000000000012622   0.000000000201948   0.000000000012622
   0.000107338914978   0.000000002536977                   0   0.000000000012622                   0                   0
   0.110548417081781   0.000000001981619                   0   0.000000000012622   0.000000002893542   0.000000000075731
   0.000019327016447   0.000000007550977                   0   0.000000004095766   0.000000000416519                   0
   0.000009911604978   0.000000006389773   0.000000000050487                   0   0.000000006727406                   0
   0.000333946669472   0.000000003524631   0.000000000091508   0.000000000012622   0.000000000280834                   0
   0.000011951940067   0.000000001123338   0.000000000366031   0.000000000318700   0.000000000113596   0.000000000179860
   0.000007119400250   0.000000004281937   0.000000000003155   0.000000000091508   0.000000000063109   0.000000000227192
   0.000014865938608   0.000000003079713   0.000000000444918   0.000000000306078   0.000000000126218                   0
   0.000138140474961   0.000000000255591   0.000000000015777   0.000000004777342   0.000000000050487   0.000000000003155
   0.000004845186835   0.000000017951319                   0                   0   0.000000000091508   0.000000000003155
   0.000000278347993   0.000000001628209   0.000000000012622   0.000000000050487   0.000000000214570   0.000000000012622
   0.037994672266418   0.000000001325286   0.000000000214570   0.000000000063109   0.000000008649071   0.000000000050487
   0.001563426136226   0.000000000668954   0.000000000012622   0.000000000100974   0.000000000227192                   0
   0.000205636171318   0.000000000908768   0.000000000242969   0.000000000050487   0.000000000328166                   0
   0.000000000861436   0.000000001590344   0.000000001909043   0.000000002249831   0.000000000467006   0.000000000050487
   0.000006806317134   0.000000000227192                   0   0.000000001416794   0.000000000129373                   0
   0.000002367554592   0.000000002637951   0.000000000858281   0.000000000056798                   0   0.000000000908768
   0.004929880308403   0.000000001022364   0.000000000012622                   0   0.000000005796550   0.000000000012622


corrida =

    31


Solutions =

   1.0e-18 *

   0.000294134513038   0.000000006424483   0.000000000050487   0.000000000063109   0.000000000242969   0.000000000053643
   0.000014423457060   0.000000002473868   0.000000000100974   0.000000000050487   0.000000002505422   0.000000000113596
   0.682431972223457   0.000000007879143   0.000000000012622   0.000000000082042   0.000000000381809                   0
   0.000035250498830   0.000000005111819   0.000000000025244   0.000000000012622   0.000000001981619   0.000000000041021
   0.002304437641945   0.000000000063109   0.000000000050487   0.000000000003155   0.000000000214570   0.000000000003155
   0.000850454874400   0.000000017796702   0.000000000050487   0.000000000041021   0.000000000921390   0.000000000050487
   0.000253671868212   0.000000003887507   0.000000000214570   0.000000000012622   0.000000000454384                   0
   0.000062270133415   0.000000005695576                   0   0.000000000078886   0.000000001773359                   0
   0.000034574855242   0.000000001009742   0.000000000053643   0.000000000141995   0.000000000025244                   0
   0.000006578771783   0.000000000302923   0.000000001868023   0.000000000810949   0.000000000164083   0.000000000056798
   0.000809751582822   0.000000001770204   0.000000000028399   0.000000000012622   0.000000000596379   0.000000000015777
   0.000050448427973   0.000000004711077   0.000000000504871   0.000000000012622   0.000000000201948   0.000000000012622
   0.000107338914978   0.000000002536977                   0   0.000000000012622                   0                   0
   0.110548417081781   0.000000001981619                   0   0.000000000012622   0.000000002893542   0.000000000075731
   0.000019327016447   0.000000007550977                   0   0.000000004095766   0.000000000416519                   0
   0.000009911604978   0.000000006389773   0.000000000050487                   0   0.000000006727406                   0
   0.000333946669472   0.000000003524631   0.000000000091508   0.000000000012622   0.000000000280834                   0
   0.000011951940067   0.000000001123338   0.000000000366031   0.000000000318700   0.000000000113596   0.000000000179860
   0.000007119400250   0.000000004281937   0.000000000003155   0.000000000091508   0.000000000063109   0.000000000227192
   0.000014865938608   0.000000003079713   0.000000000444918   0.000000000306078   0.000000000126218                   0
   0.000138140474961   0.000000000255591   0.000000000015777   0.000000004777342   0.000000000050487   0.000000000003155
   0.000004845186835   0.000000017951319                   0                   0   0.000000000091508   0.000000000003155
   0.000000278347993   0.000000001628209   0.000000000012622   0.000000000050487   0.000000000214570   0.000000000012622
   0.037994672266418   0.000000001325286   0.000000000214570   0.000000000063109   0.000000008649071   0.000000000050487
   0.001563426136226   0.000000000668954   0.000000000012622   0.000000000100974   0.000000000227192                   0
   0.000205636171318   0.000000000908768   0.000000000242969   0.000000000050487   0.000000000328166                   0
   0.000000000861436   0.000000001590344   0.000000001909043   0.000000002249831   0.000000000467006   0.000000000050487
   0.000006806317134   0.000000000227192                   0   0.000000001416794   0.000000000129373                   0
   0.000002367554592   0.000000002637951   0.000000000858281   0.000000000056798                   0   0.000000000908768
   0.004929880308403   0.000000001022364   0.000000000012622                   0   0.000000005796550   0.000000000012622
   0.020208942473098   0.000000002082593   0.000000000012622   0.000000000025244   0.000000000025244   0.000000000063109

ALGORTIMO 1

mejor =

     8.614361085013449e-28


peor =

     6.824319722234573e-19


mediana =

     6.227013341514462e-23


promedio =

     2.784696269397332e-20


desviacion =

     1.232586812646947e-19

ALGORTIMO 2

mejor =

     6.310887241768094e-29


peor =

     1.795131875920935e-26


mediana =

     2.473867798773093e-27


promedio =

     3.803022082692573e-27


desviacion =

     4.361205564720649e-27

ALGORTIMO 3

mejor =

     0


peor =

     1.909043390634849e-27


mediana =

     5.048709793414476e-29


promedio =

     2.324849429064246e-28


desviacion =

     4.819113410182540e-28

ALGORTIMO 4

mejor =

     0


peor =

     4.777341642018448e-27


mediana =

     5.048709793414476e-29


promedio =

     4.826810854913597e-28


desviacion =

     1.160054401050157e-27

ALGORTIMO 5

mejor =

     0


peor =

     8.649070964843173e-27


mediana =

     2.429691588080716e-28


promedio =

     1.163340811067219e-27


desviacion =

     2.128369744674015e-27

ALGORTIMO 6

mejor =

     0


peor =

     9.087677628146056e-28


mediana =

     1.262177448353619e-29


promedio =

     6.239635289038455e-29


desviacion =

     1.661268590046463e-28

