

Problema =

     1


Evaluaciones =

      500000


N =

    15


Cantidad_Simplex =

     9


Poblacion =

   144


corrida =

     1


Solutions =

   0.000864067085191   0.000465797506812   0.000577098003199   0.000647913641893   0.027385627021404   0.000630592106219


corrida =

     2


Solutions =

   0.000864067085191   0.000465797506812   0.000577098003199   0.000647913641893   0.027385627021404   0.000630592106219
   0.000417308322832   0.000562566800009   0.027460273873628   0.000637138550247   0.000237458809401   0.000619019794508


corrida =

     3


Solutions =

   0.000864067085191   0.000465797506812   0.000577098003199   0.000647913641893   0.027385627021404   0.000630592106219
   0.000417308322832   0.000562566800009   0.027460273873628   0.000637138550247   0.000237458809401   0.000619019794508
   0.000427156639058   0.000466872407431   0.000008706730159   0.000205036177816   0.000248241558846   0.000206746602780


corrida =

     4


Solutions =

   0.000864067085191   0.000465797506812   0.000577098003199   0.000647913641893   0.027385627021404   0.000630592106219
   0.000417308322832   0.000562566800009   0.027460273873628   0.000637138550247   0.000237458809401   0.000619019794508
   0.000427156639058   0.000466872407431   0.000008706730159   0.000205036177816   0.000248241558846   0.000206746602780
   0.000000960676342   0.000356598714661   0.000000000000000   0.000226176659595   0.000534643210752   0.000587879922625


corrida =

     5


Solutions =

   0.000864067085191   0.000465797506812   0.000577098003199   0.000647913641893   0.027385627021404   0.000630592106219
   0.000417308322832   0.000562566800009   0.027460273873628   0.000637138550247   0.000237458809401   0.000619019794508
   0.000427156639058   0.000466872407431   0.000008706730159   0.000205036177816   0.000248241558846   0.000206746602780
   0.000000960676342   0.000356598714661   0.000000000000000   0.000226176659595   0.000534643210752   0.000587879922625
   0.000000000000001   0.000231953362608   0.000118375798091   0.011741894809243   0.000389201939972   0.000257307538767


corrida =

     6


Solutions =

   0.000864067085191   0.000465797506812   0.000577098003199   0.000647913641893   0.027385627021404   0.000630592106219
   0.000417308322832   0.000562566800009   0.027460273873628   0.000637138550247   0.000237458809401   0.000619019794508
   0.000427156639058   0.000466872407431   0.000008706730159   0.000205036177816   0.000248241558846   0.000206746602780
   0.000000960676342   0.000356598714661   0.000000000000000   0.000226176659595   0.000534643210752   0.000587879922625
   0.000000000000001   0.000231953362608   0.000118375798091   0.011741894809243   0.000389201939972   0.000257307538767
   0.000001896147806   0.000413325313700   0.027398672965067   0.027417532106158   0.000209738704536   0.027262020834331


corrida =

     7


Solutions =

   0.000864067085191   0.000465797506812   0.000577098003199   0.000647913641893   0.027385627021404   0.000630592106219
   0.000417308322832   0.000562566800009   0.027460273873628   0.000637138550247   0.000237458809401   0.000619019794508
   0.000427156639058   0.000466872407431   0.000008706730159   0.000205036177816   0.000248241558846   0.000206746602780
   0.000000960676342   0.000356598714661   0.000000000000000   0.000226176659595   0.000534643210752   0.000587879922625
   0.000000000000001   0.000231953362608   0.000118375798091   0.011741894809243   0.000389201939972   0.000257307538767
   0.000001896147806   0.000413325313700   0.027398672965067   0.027417532106158   0.000209738704536   0.027262020834331
   0.000010999206316   0.000280425961559   0.000146735303574   0.000605470688208   0.000597198946608   0.000284241771489


corrida =

     8


Solutions =

   0.000864067085191   0.000465797506812   0.000577098003199   0.000647913641893   0.027385627021404   0.000630592106219
   0.000417308322832   0.000562566800009   0.027460273873628   0.000637138550247   0.000237458809401   0.000619019794508
   0.000427156639058   0.000466872407431   0.000008706730159   0.000205036177816   0.000248241558846   0.000206746602780
   0.000000960676342   0.000356598714661   0.000000000000000   0.000226176659595   0.000534643210752   0.000587879922625
   0.000000000000001   0.000231953362608   0.000118375798091   0.011741894809243   0.000389201939972   0.000257307538767
   0.000001896147806   0.000413325313700   0.027398672965067   0.027417532106158   0.000209738704536   0.027262020834331
   0.000010999206316   0.000280425961559   0.000146735303574   0.000605470688208   0.000597198946608   0.000284241771489
   0.000000000000000   0.000113900731968   0.000242496406618   0.000265993378153   0.000019366730501   0.000097737479454


corrida =

     9


Solutions =

   0.000864067085191   0.000465797506812   0.000577098003199   0.000647913641893   0.027385627021404   0.000630592106219
   0.000417308322832   0.000562566800009   0.027460273873628   0.000637138550247   0.000237458809401   0.000619019794508
   0.000427156639058   0.000466872407431   0.000008706730159   0.000205036177816   0.000248241558846   0.000206746602780
   0.000000960676342   0.000356598714661   0.000000000000000   0.000226176659595   0.000534643210752   0.000587879922625
   0.000000000000001   0.000231953362608   0.000118375798091   0.011741894809243   0.000389201939972   0.000257307538767
   0.000001896147806   0.000413325313700   0.027398672965067   0.027417532106158   0.000209738704536   0.027262020834331
   0.000010999206316   0.000280425961559   0.000146735303574   0.000605470688208   0.000597198946608   0.000284241771489
   0.000000000000000   0.000113900731968   0.000242496406618   0.000265993378153   0.000019366730501   0.000097737479454
   0.000023389179848   0.031713737217595   0.000000000000000   0.020756863018428   0.000610207300208   0.026516511987224


corrida =

    10


Solutions =

   0.000864067085191   0.000465797506812   0.000577098003199   0.000647913641893   0.027385627021404   0.000630592106219
   0.000417308322832   0.000562566800009   0.027460273873628   0.000637138550247   0.000237458809401   0.000619019794508
   0.000427156639058   0.000466872407431   0.000008706730159   0.000205036177816   0.000248241558846   0.000206746602780
   0.000000960676342   0.000356598714661   0.000000000000000   0.000226176659595   0.000534643210752   0.000587879922625
   0.000000000000001   0.000231953362608   0.000118375798091   0.011741894809243   0.000389201939972   0.000257307538767
   0.000001896147806   0.000413325313700   0.027398672965067   0.027417532106158   0.000209738704536   0.027262020834331
   0.000010999206316   0.000280425961559   0.000146735303574   0.000605470688208   0.000597198946608   0.000284241771489
   0.000000000000000   0.000113900731968   0.000242496406618   0.000265993378153   0.000019366730501   0.000097737479454
   0.000023389179848   0.031713737217595   0.000000000000000   0.020756863018428   0.000610207300208   0.026516511987224
   0.000037196343763   0.000247653754939   0.000499806982876   0.000205792570259   0.027309661816067   0.000380403664796


corrida =

    11


Solutions =

   0.000864067085191   0.000465797506812   0.000577098003199   0.000647913641893   0.027385627021404   0.000630592106219
   0.000417308322832   0.000562566800009   0.027460273873628   0.000637138550247   0.000237458809401   0.000619019794508
   0.000427156639058   0.000466872407431   0.000008706730159   0.000205036177816   0.000248241558846   0.000206746602780
   0.000000960676342   0.000356598714661   0.000000000000000   0.000226176659595   0.000534643210752   0.000587879922625
   0.000000000000001   0.000231953362608   0.000118375798091   0.011741894809243   0.000389201939972   0.000257307538767
   0.000001896147806   0.000413325313700   0.027398672965067   0.027417532106158   0.000209738704536   0.027262020834331
   0.000010999206316   0.000280425961559   0.000146735303574   0.000605470688208   0.000597198946608   0.000284241771489
   0.000000000000000   0.000113900731968   0.000242496406618   0.000265993378153   0.000019366730501   0.000097737479454
   0.000023389179848   0.031713737217595   0.000000000000000   0.020756863018428   0.000610207300208   0.026516511987224
   0.000037196343763   0.000247653754939   0.000499806982876   0.000205792570259   0.027309661816067   0.000380403664796
   0.000448059302151   0.001235514697675   0.000313607280522   0.000388878274314   0.000551356040589   0.000346073327554


corrida =

    12


Solutions =

   0.000864067085191   0.000465797506812   0.000577098003199   0.000647913641893   0.027385627021404   0.000630592106219
   0.000417308322832   0.000562566800009   0.027460273873628   0.000637138550247   0.000237458809401   0.000619019794508
   0.000427156639058   0.000466872407431   0.000008706730159   0.000205036177816   0.000248241558846   0.000206746602780
   0.000000960676342   0.000356598714661   0.000000000000000   0.000226176659595   0.000534643210752   0.000587879922625
   0.000000000000001   0.000231953362608   0.000118375798091   0.011741894809243   0.000389201939972   0.000257307538767
   0.000001896147806   0.000413325313700   0.027398672965067   0.027417532106158   0.000209738704536   0.027262020834331
   0.000010999206316   0.000280425961559   0.000146735303574   0.000605470688208   0.000597198946608   0.000284241771489
   0.000000000000000   0.000113900731968   0.000242496406618   0.000265993378153   0.000019366730501   0.000097737479454
   0.000023389179848   0.031713737217595   0.000000000000000   0.020756863018428   0.000610207300208   0.026516511987224
   0.000037196343763   0.000247653754939   0.000499806982876   0.000205792570259   0.027309661816067   0.000380403664796
   0.000448059302151   0.001235514697675   0.000313607280522   0.000388878274314   0.000551356040589   0.000346073327554
   0.000528495626342   0.000243439455846   0.027415708977721   0.029936304116145   0.027424327895491   0.000214842439635


corrida =

    13


Solutions =

   0.000864067085191   0.000465797506812   0.000577098003199   0.000647913641893   0.027385627021404   0.000630592106219
   0.000417308322832   0.000562566800009   0.027460273873628   0.000637138550247   0.000237458809401   0.000619019794508
   0.000427156639058   0.000466872407431   0.000008706730159   0.000205036177816   0.000248241558846   0.000206746602780
   0.000000960676342   0.000356598714661   0.000000000000000   0.000226176659595   0.000534643210752   0.000587879922625
   0.000000000000001   0.000231953362608   0.000118375798091   0.011741894809243   0.000389201939972   0.000257307538767
   0.000001896147806   0.000413325313700   0.027398672965067   0.027417532106158   0.000209738704536   0.027262020834331
   0.000010999206316   0.000280425961559   0.000146735303574   0.000605470688208   0.000597198946608   0.000284241771489
   0.000000000000000   0.000113900731968   0.000242496406618   0.000265993378153   0.000019366730501   0.000097737479454
   0.000023389179848   0.031713737217595   0.000000000000000   0.020756863018428   0.000610207300208   0.026516511987224
   0.000037196343763   0.000247653754939   0.000499806982876   0.000205792570259   0.027309661816067   0.000380403664796
   0.000448059302151   0.001235514697675   0.000313607280522   0.000388878274314   0.000551356040589   0.000346073327554
   0.000528495626342   0.000243439455846   0.027415708977721   0.029936304116145   0.027424327895491   0.000214842439635
   0.000817594609948   0.000205878027759   0.000246558097209   0.000397526593525   0.000322767030431   0.020672244555730


corrida =

    14


Solutions =

   0.000864067085191   0.000465797506812   0.000577098003199   0.000647913641893   0.027385627021404   0.000630592106219
   0.000417308322832   0.000562566800009   0.027460273873628   0.000637138550247   0.000237458809401   0.000619019794508
   0.000427156639058   0.000466872407431   0.000008706730159   0.000205036177816   0.000248241558846   0.000206746602780
   0.000000960676342   0.000356598714661   0.000000000000000   0.000226176659595   0.000534643210752   0.000587879922625
   0.000000000000001   0.000231953362608   0.000118375798091   0.011741894809243   0.000389201939972   0.000257307538767
   0.000001896147806   0.000413325313700   0.027398672965067   0.027417532106158   0.000209738704536   0.027262020834331
   0.000010999206316   0.000280425961559   0.000146735303574   0.000605470688208   0.000597198946608   0.000284241771489
   0.000000000000000   0.000113900731968   0.000242496406618   0.000265993378153   0.000019366730501   0.000097737479454
   0.000023389179848   0.031713737217595   0.000000000000000   0.020756863018428   0.000610207300208   0.026516511987224
   0.000037196343763   0.000247653754939   0.000499806982876   0.000205792570259   0.027309661816067   0.000380403664796
   0.000448059302151   0.001235514697675   0.000313607280522   0.000388878274314   0.000551356040589   0.000346073327554
   0.000528495626342   0.000243439455846   0.027415708977721   0.029936304116145   0.027424327895491   0.000214842439635
   0.000817594609948   0.000205878027759   0.000246558097209   0.000397526593525   0.000322767030431   0.020672244555730
   0.000212273064718   0.000133912096697   0.000000134846771   0.000000234819874   0.000216190421586   0.025578804834671


corrida =

    15


Solutions =

   0.000864067085191   0.000465797506812   0.000577098003199   0.000647913641893   0.027385627021404   0.000630592106219
   0.000417308322832   0.000562566800009   0.027460273873628   0.000637138550247   0.000237458809401   0.000619019794508
   0.000427156639058   0.000466872407431   0.000008706730159   0.000205036177816   0.000248241558846   0.000206746602780
   0.000000960676342   0.000356598714661   0.000000000000000   0.000226176659595   0.000534643210752   0.000587879922625
   0.000000000000001   0.000231953362608   0.000118375798091   0.011741894809243   0.000389201939972   0.000257307538767
   0.000001896147806   0.000413325313700   0.027398672965067   0.027417532106158   0.000209738704536   0.027262020834331
   0.000010999206316   0.000280425961559   0.000146735303574   0.000605470688208   0.000597198946608   0.000284241771489
   0.000000000000000   0.000113900731968   0.000242496406618   0.000265993378153   0.000019366730501   0.000097737479454
   0.000023389179848   0.031713737217595   0.000000000000000   0.020756863018428   0.000610207300208   0.026516511987224
   0.000037196343763   0.000247653754939   0.000499806982876   0.000205792570259   0.027309661816067   0.000380403664796
   0.000448059302151   0.001235514697675   0.000313607280522   0.000388878274314   0.000551356040589   0.000346073327554
   0.000528495626342   0.000243439455846   0.027415708977721   0.029936304116145   0.027424327895491   0.000214842439635
   0.000817594609948   0.000205878027759   0.000246558097209   0.000397526593525   0.000322767030431   0.020672244555730
   0.000212273064718   0.000133912096697   0.000000134846771   0.000000234819874   0.000216190421586   0.025578804834671
   0.000000000000002   0.000346678289728   0.000518070338027   0.000256985270489   0.000457709391336   0.000235419839704


corrida =

    16


Solutions =

   0.000864067085191   0.000465797506812   0.000577098003199   0.000647913641893   0.027385627021404   0.000630592106219
   0.000417308322832   0.000562566800009   0.027460273873628   0.000637138550247   0.000237458809401   0.000619019794508
   0.000427156639058   0.000466872407431   0.000008706730159   0.000205036177816   0.000248241558846   0.000206746602780
   0.000000960676342   0.000356598714661   0.000000000000000   0.000226176659595   0.000534643210752   0.000587879922625
   0.000000000000001   0.000231953362608   0.000118375798091   0.011741894809243   0.000389201939972   0.000257307538767
   0.000001896147806   0.000413325313700   0.027398672965067   0.027417532106158   0.000209738704536   0.027262020834331
   0.000010999206316   0.000280425961559   0.000146735303574   0.000605470688208   0.000597198946608   0.000284241771489
   0.000000000000000   0.000113900731968   0.000242496406618   0.000265993378153   0.000019366730501   0.000097737479454
   0.000023389179848   0.031713737217595   0.000000000000000   0.020756863018428   0.000610207300208   0.026516511987224
   0.000037196343763   0.000247653754939   0.000499806982876   0.000205792570259   0.027309661816067   0.000380403664796
   0.000448059302151   0.001235514697675   0.000313607280522   0.000388878274314   0.000551356040589   0.000346073327554
   0.000528495626342   0.000243439455846   0.027415708977721   0.029936304116145   0.027424327895491   0.000214842439635
   0.000817594609948   0.000205878027759   0.000246558097209   0.000397526593525   0.000322767030431   0.020672244555730
   0.000212273064718   0.000133912096697   0.000000134846771   0.000000234819874   0.000216190421586   0.025578804834671
   0.000000000000002   0.000346678289728   0.000518070338027   0.000256985270489   0.000457709391336   0.000235419839704
   0.000163923328974   0.000509533079182   0.027676920868636   0.000000000000000   0.000013953847177   0.000000000000000


corrida =

    17


Solutions =

   0.000864067085191   0.000465797506812   0.000577098003199   0.000647913641893   0.027385627021404   0.000630592106219
   0.000417308322832   0.000562566800009   0.027460273873628   0.000637138550247   0.000237458809401   0.000619019794508
   0.000427156639058   0.000466872407431   0.000008706730159   0.000205036177816   0.000248241558846   0.000206746602780
   0.000000960676342   0.000356598714661   0.000000000000000   0.000226176659595   0.000534643210752   0.000587879922625
   0.000000000000001   0.000231953362608   0.000118375798091   0.011741894809243   0.000389201939972   0.000257307538767
   0.000001896147806   0.000413325313700   0.027398672965067   0.027417532106158   0.000209738704536   0.027262020834331
   0.000010999206316   0.000280425961559   0.000146735303574   0.000605470688208   0.000597198946608   0.000284241771489
   0.000000000000000   0.000113900731968   0.000242496406618   0.000265993378153   0.000019366730501   0.000097737479454
   0.000023389179848   0.031713737217595   0.000000000000000   0.020756863018428   0.000610207300208   0.026516511987224
   0.000037196343763   0.000247653754939   0.000499806982876   0.000205792570259   0.027309661816067   0.000380403664796
   0.000448059302151   0.001235514697675   0.000313607280522   0.000388878274314   0.000551356040589   0.000346073327554
   0.000528495626342   0.000243439455846   0.027415708977721   0.029936304116145   0.027424327895491   0.000214842439635
   0.000817594609948   0.000205878027759   0.000246558097209   0.000397526593525   0.000322767030431   0.020672244555730
   0.000212273064718   0.000133912096697   0.000000134846771   0.000000234819874   0.000216190421586   0.025578804834671
   0.000000000000002   0.000346678289728   0.000518070338027   0.000256985270489   0.000457709391336   0.000235419839704
   0.000163923328974   0.000509533079182   0.027676920868636   0.000000000000000   0.000013953847177   0.000000000000000
   0.000000087246630   0.000000005004226   0.000309666093544   0.020672244555719   0.000335585062246   0.027402218957576


corrida =

    18


Solutions =

   0.000864067085191   0.000465797506812   0.000577098003199   0.000647913641893   0.027385627021404   0.000630592106219
   0.000417308322832   0.000562566800009   0.027460273873628   0.000637138550247   0.000237458809401   0.000619019794508
   0.000427156639058   0.000466872407431   0.000008706730159   0.000205036177816   0.000248241558846   0.000206746602780
   0.000000960676342   0.000356598714661   0.000000000000000   0.000226176659595   0.000534643210752   0.000587879922625
   0.000000000000001   0.000231953362608   0.000118375798091   0.011741894809243   0.000389201939972   0.000257307538767
   0.000001896147806   0.000413325313700   0.027398672965067   0.027417532106158   0.000209738704536   0.027262020834331
   0.000010999206316   0.000280425961559   0.000146735303574   0.000605470688208   0.000597198946608   0.000284241771489
   0.000000000000000   0.000113900731968   0.000242496406618   0.000265993378153   0.000019366730501   0.000097737479454
   0.000023389179848   0.031713737217595   0.000000000000000   0.020756863018428   0.000610207300208   0.026516511987224
   0.000037196343763   0.000247653754939   0.000499806982876   0.000205792570259   0.027309661816067   0.000380403664796
   0.000448059302151   0.001235514697675   0.000313607280522   0.000388878274314   0.000551356040589   0.000346073327554
   0.000528495626342   0.000243439455846   0.027415708977721   0.029936304116145   0.027424327895491   0.000214842439635
   0.000817594609948   0.000205878027759   0.000246558097209   0.000397526593525   0.000322767030431   0.020672244555730
   0.000212273064718   0.000133912096697   0.000000134846771   0.000000234819874   0.000216190421586   0.025578804834671
   0.000000000000002   0.000346678289728   0.000518070338027   0.000256985270489   0.000457709391336   0.000235419839704
   0.000163923328974   0.000509533079182   0.027676920868636   0.000000000000000   0.000013953847177   0.000000000000000
   0.000000087246630   0.000000005004226   0.000309666093544   0.020672244555719   0.000335585062246   0.027402218957576
   0.000009419050797   0.000460521018855   0.027405771884376   0.000205501018700   0.000249022232814   0.000205036177278


corrida =

    19


Solutions =

   0.000864067085191   0.000465797506812   0.000577098003199   0.000647913641893   0.027385627021404   0.000630592106219
   0.000417308322832   0.000562566800009   0.027460273873628   0.000637138550247   0.000237458809401   0.000619019794508
   0.000427156639058   0.000466872407431   0.000008706730159   0.000205036177816   0.000248241558846   0.000206746602780
   0.000000960676342   0.000356598714661   0.000000000000000   0.000226176659595   0.000534643210752   0.000587879922625
   0.000000000000001   0.000231953362608   0.000118375798091   0.011741894809243   0.000389201939972   0.000257307538767
   0.000001896147806   0.000413325313700   0.027398672965067   0.027417532106158   0.000209738704536   0.027262020834331
   0.000010999206316   0.000280425961559   0.000146735303574   0.000605470688208   0.000597198946608   0.000284241771489
   0.000000000000000   0.000113900731968   0.000242496406618   0.000265993378153   0.000019366730501   0.000097737479454
   0.000023389179848   0.031713737217595   0.000000000000000   0.020756863018428   0.000610207300208   0.026516511987224
   0.000037196343763   0.000247653754939   0.000499806982876   0.000205792570259   0.027309661816067   0.000380403664796
   0.000448059302151   0.001235514697675   0.000313607280522   0.000388878274314   0.000551356040589   0.000346073327554
   0.000528495626342   0.000243439455846   0.027415708977721   0.029936304116145   0.027424327895491   0.000214842439635
   0.000817594609948   0.000205878027759   0.000246558097209   0.000397526593525   0.000322767030431   0.020672244555730
   0.000212273064718   0.000133912096697   0.000000134846771   0.000000234819874   0.000216190421586   0.025578804834671
   0.000000000000002   0.000346678289728   0.000518070338027   0.000256985270489   0.000457709391336   0.000235419839704
   0.000163923328974   0.000509533079182   0.027676920868636   0.000000000000000   0.000013953847177   0.000000000000000
   0.000000087246630   0.000000005004226   0.000309666093544   0.020672244555719   0.000335585062246   0.027402218957576
   0.000009419050797   0.000460521018855   0.027405771884376   0.000205501018700   0.000249022232814   0.000205036177278
   0.000502661457046   0.000370237483603   0.000360606299246   0.000420825551757   0.000205104045562   0.000205049190970


corrida =

    20


Solutions =

   0.000864067085191   0.000465797506812   0.000577098003199   0.000647913641893   0.027385627021404   0.000630592106219
   0.000417308322832   0.000562566800009   0.027460273873628   0.000637138550247   0.000237458809401   0.000619019794508
   0.000427156639058   0.000466872407431   0.000008706730159   0.000205036177816   0.000248241558846   0.000206746602780
   0.000000960676342   0.000356598714661   0.000000000000000   0.000226176659595   0.000534643210752   0.000587879922625
   0.000000000000001   0.000231953362608   0.000118375798091   0.011741894809243   0.000389201939972   0.000257307538767
   0.000001896147806   0.000413325313700   0.027398672965067   0.027417532106158   0.000209738704536   0.027262020834331
   0.000010999206316   0.000280425961559   0.000146735303574   0.000605470688208   0.000597198946608   0.000284241771489
   0.000000000000000   0.000113900731968   0.000242496406618   0.000265993378153   0.000019366730501   0.000097737479454
   0.000023389179848   0.031713737217595   0.000000000000000   0.020756863018428   0.000610207300208   0.026516511987224
   0.000037196343763   0.000247653754939   0.000499806982876   0.000205792570259   0.027309661816067   0.000380403664796
   0.000448059302151   0.001235514697675   0.000313607280522   0.000388878274314   0.000551356040589   0.000346073327554
   0.000528495626342   0.000243439455846   0.027415708977721   0.029936304116145   0.027424327895491   0.000214842439635
   0.000817594609948   0.000205878027759   0.000246558097209   0.000397526593525   0.000322767030431   0.020672244555730
   0.000212273064718   0.000133912096697   0.000000134846771   0.000000234819874   0.000216190421586   0.025578804834671
   0.000000000000002   0.000346678289728   0.000518070338027   0.000256985270489   0.000457709391336   0.000235419839704
   0.000163923328974   0.000509533079182   0.027676920868636   0.000000000000000   0.000013953847177   0.000000000000000
   0.000000087246630   0.000000005004226   0.000309666093544   0.020672244555719   0.000335585062246   0.027402218957576
   0.000009419050797   0.000460521018855   0.027405771884376   0.000205501018700   0.000249022232814   0.000205036177278
   0.000502661457046   0.000370237483603   0.000360606299246   0.000420825551757   0.000205104045562   0.000205049190970
   0.000000000000713   0.000313501272294   0.000849258242548   0.027467904317748   0.000000000000000   0.000215342666961


corrida =

    21


Solutions =

   0.000864067085191   0.000465797506812   0.000577098003199   0.000647913641893   0.027385627021404   0.000630592106219
   0.000417308322832   0.000562566800009   0.027460273873628   0.000637138550247   0.000237458809401   0.000619019794508
   0.000427156639058   0.000466872407431   0.000008706730159   0.000205036177816   0.000248241558846   0.000206746602780
   0.000000960676342   0.000356598714661   0.000000000000000   0.000226176659595   0.000534643210752   0.000587879922625
   0.000000000000001   0.000231953362608   0.000118375798091   0.011741894809243   0.000389201939972   0.000257307538767
   0.000001896147806   0.000413325313700   0.027398672965067   0.027417532106158   0.000209738704536   0.027262020834331
   0.000010999206316   0.000280425961559   0.000146735303574   0.000605470688208   0.000597198946608   0.000284241771489
   0.000000000000000   0.000113900731968   0.000242496406618   0.000265993378153   0.000019366730501   0.000097737479454
   0.000023389179848   0.031713737217595   0.000000000000000   0.020756863018428   0.000610207300208   0.026516511987224
   0.000037196343763   0.000247653754939   0.000499806982876   0.000205792570259   0.027309661816067   0.000380403664796
   0.000448059302151   0.001235514697675   0.000313607280522   0.000388878274314   0.000551356040589   0.000346073327554
   0.000528495626342   0.000243439455846   0.027415708977721   0.029936304116145   0.027424327895491   0.000214842439635
   0.000817594609948   0.000205878027759   0.000246558097209   0.000397526593525   0.000322767030431   0.020672244555730
   0.000212273064718   0.000133912096697   0.000000134846771   0.000000234819874   0.000216190421586   0.025578804834671
   0.000000000000002   0.000346678289728   0.000518070338027   0.000256985270489   0.000457709391336   0.000235419839704
   0.000163923328974   0.000509533079182   0.027676920868636   0.000000000000000   0.000013953847177   0.000000000000000
   0.000000087246630   0.000000005004226   0.000309666093544   0.020672244555719   0.000335585062246   0.027402218957576
   0.000009419050797   0.000460521018855   0.027405771884376   0.000205501018700   0.000249022232814   0.000205036177278
   0.000502661457046   0.000370237483603   0.000360606299246   0.000420825551757   0.000205104045562   0.000205049190970
   0.000000000000713   0.000313501272294   0.000849258242548   0.027467904317748   0.000000000000000   0.000215342666961
   0.000000000000000   0.000493325844363   0.000890445084482   0.020672245314454   0.000468273999161   0.000000223052921


corrida =

    22


Solutions =

   0.000864067085191   0.000465797506812   0.000577098003199   0.000647913641893   0.027385627021404   0.000630592106219
   0.000417308322832   0.000562566800009   0.027460273873628   0.000637138550247   0.000237458809401   0.000619019794508
   0.000427156639058   0.000466872407431   0.000008706730159   0.000205036177816   0.000248241558846   0.000206746602780
   0.000000960676342   0.000356598714661   0.000000000000000   0.000226176659595   0.000534643210752   0.000587879922625
   0.000000000000001   0.000231953362608   0.000118375798091   0.011741894809243   0.000389201939972   0.000257307538767
   0.000001896147806   0.000413325313700   0.027398672965067   0.027417532106158   0.000209738704536   0.027262020834331
   0.000010999206316   0.000280425961559   0.000146735303574   0.000605470688208   0.000597198946608   0.000284241771489
   0.000000000000000   0.000113900731968   0.000242496406618   0.000265993378153   0.000019366730501   0.000097737479454
   0.000023389179848   0.031713737217595   0.000000000000000   0.020756863018428   0.000610207300208   0.026516511987224
   0.000037196343763   0.000247653754939   0.000499806982876   0.000205792570259   0.027309661816067   0.000380403664796
   0.000448059302151   0.001235514697675   0.000313607280522   0.000388878274314   0.000551356040589   0.000346073327554
   0.000528495626342   0.000243439455846   0.027415708977721   0.029936304116145   0.027424327895491   0.000214842439635
   0.000817594609948   0.000205878027759   0.000246558097209   0.000397526593525   0.000322767030431   0.020672244555730
   0.000212273064718   0.000133912096697   0.000000134846771   0.000000234819874   0.000216190421586   0.025578804834671
   0.000000000000002   0.000346678289728   0.000518070338027   0.000256985270489   0.000457709391336   0.000235419839704
   0.000163923328974   0.000509533079182   0.027676920868636   0.000000000000000   0.000013953847177   0.000000000000000
   0.000000087246630   0.000000005004226   0.000309666093544   0.020672244555719   0.000335585062246   0.027402218957576
   0.000009419050797   0.000460521018855   0.027405771884376   0.000205501018700   0.000249022232814   0.000205036177278
   0.000502661457046   0.000370237483603   0.000360606299246   0.000420825551757   0.000205104045562   0.000205049190970
   0.000000000000713   0.000313501272294   0.000849258242548   0.027467904317748   0.000000000000000   0.000215342666961
   0.000000000000000   0.000493325844363   0.000890445084482   0.020672245314454   0.000468273999161   0.000000223052921
   0.000000000000000   0.000000000000000   0.000540428763617   0.000637102604147   0.023146895890877   0.027304289687097


corrida =

    23


Solutions =

   0.000864067085191   0.000465797506812   0.000577098003199   0.000647913641893   0.027385627021404   0.000630592106219
   0.000417308322832   0.000562566800009   0.027460273873628   0.000637138550247   0.000237458809401   0.000619019794508
   0.000427156639058   0.000466872407431   0.000008706730159   0.000205036177816   0.000248241558846   0.000206746602780
   0.000000960676342   0.000356598714661   0.000000000000000   0.000226176659595   0.000534643210752   0.000587879922625
   0.000000000000001   0.000231953362608   0.000118375798091   0.011741894809243   0.000389201939972   0.000257307538767
   0.000001896147806   0.000413325313700   0.027398672965067   0.027417532106158   0.000209738704536   0.027262020834331
   0.000010999206316   0.000280425961559   0.000146735303574   0.000605470688208   0.000597198946608   0.000284241771489
   0.000000000000000   0.000113900731968   0.000242496406618   0.000265993378153   0.000019366730501   0.000097737479454
   0.000023389179848   0.031713737217595   0.000000000000000   0.020756863018428   0.000610207300208   0.026516511987224
   0.000037196343763   0.000247653754939   0.000499806982876   0.000205792570259   0.027309661816067   0.000380403664796
   0.000448059302151   0.001235514697675   0.000313607280522   0.000388878274314   0.000551356040589   0.000346073327554
   0.000528495626342   0.000243439455846   0.027415708977721   0.029936304116145   0.027424327895491   0.000214842439635
   0.000817594609948   0.000205878027759   0.000246558097209   0.000397526593525   0.000322767030431   0.020672244555730
   0.000212273064718   0.000133912096697   0.000000134846771   0.000000234819874   0.000216190421586   0.025578804834671
   0.000000000000002   0.000346678289728   0.000518070338027   0.000256985270489   0.000457709391336   0.000235419839704
   0.000163923328974   0.000509533079182   0.027676920868636   0.000000000000000   0.000013953847177   0.000000000000000
   0.000000087246630   0.000000005004226   0.000309666093544   0.020672244555719   0.000335585062246   0.027402218957576
   0.000009419050797   0.000460521018855   0.027405771884376   0.000205501018700   0.000249022232814   0.000205036177278
   0.000502661457046   0.000370237483603   0.000360606299246   0.000420825551757   0.000205104045562   0.000205049190970
   0.000000000000713   0.000313501272294   0.000849258242548   0.027467904317748   0.000000000000000   0.000215342666961
   0.000000000000000   0.000493325844363   0.000890445084482   0.020672245314454   0.000468273999161   0.000000223052921
   0.000000000000000   0.000000000000000   0.000540428763617   0.000637102604147   0.023146895890877   0.027304289687097
   0.000001122506640   0.000205036423323   0.000298756462581   0.000497006558272   0.000513579949932   0.000000882640191


corrida =

    24


Solutions =

   0.000864067085191   0.000465797506812   0.000577098003199   0.000647913641893   0.027385627021404   0.000630592106219
   0.000417308322832   0.000562566800009   0.027460273873628   0.000637138550247   0.000237458809401   0.000619019794508
   0.000427156639058   0.000466872407431   0.000008706730159   0.000205036177816   0.000248241558846   0.000206746602780
   0.000000960676342   0.000356598714661   0.000000000000000   0.000226176659595   0.000534643210752   0.000587879922625
   0.000000000000001   0.000231953362608   0.000118375798091   0.011741894809243   0.000389201939972   0.000257307538767
   0.000001896147806   0.000413325313700   0.027398672965067   0.027417532106158   0.000209738704536   0.027262020834331
   0.000010999206316   0.000280425961559   0.000146735303574   0.000605470688208   0.000597198946608   0.000284241771489
   0.000000000000000   0.000113900731968   0.000242496406618   0.000265993378153   0.000019366730501   0.000097737479454
   0.000023389179848   0.031713737217595   0.000000000000000   0.020756863018428   0.000610207300208   0.026516511987224
   0.000037196343763   0.000247653754939   0.000499806982876   0.000205792570259   0.027309661816067   0.000380403664796
   0.000448059302151   0.001235514697675   0.000313607280522   0.000388878274314   0.000551356040589   0.000346073327554
   0.000528495626342   0.000243439455846   0.027415708977721   0.029936304116145   0.027424327895491   0.000214842439635
   0.000817594609948   0.000205878027759   0.000246558097209   0.000397526593525   0.000322767030431   0.020672244555730
   0.000212273064718   0.000133912096697   0.000000134846771   0.000000234819874   0.000216190421586   0.025578804834671
   0.000000000000002   0.000346678289728   0.000518070338027   0.000256985270489   0.000457709391336   0.000235419839704
   0.000163923328974   0.000509533079182   0.027676920868636   0.000000000000000   0.000013953847177   0.000000000000000
   0.000000087246630   0.000000005004226   0.000309666093544   0.020672244555719   0.000335585062246   0.027402218957576
   0.000009419050797   0.000460521018855   0.027405771884376   0.000205501018700   0.000249022232814   0.000205036177278
   0.000502661457046   0.000370237483603   0.000360606299246   0.000420825551757   0.000205104045562   0.000205049190970
   0.000000000000713   0.000313501272294   0.000849258242548   0.027467904317748   0.000000000000000   0.000215342666961
   0.000000000000000   0.000493325844363   0.000890445084482   0.020672245314454   0.000468273999161   0.000000223052921
   0.000000000000000   0.000000000000000   0.000540428763617   0.000637102604147   0.023146895890877   0.027304289687097
   0.000001122506640   0.000205036423323   0.000298756462581   0.000497006558272   0.000513579949932   0.000000882640191
   0.000003315015292   0.000443584508933   0.000335372132525   0.000316132699748   0.027214459804872   0.027432801683411


corrida =

    25


Solutions =

   0.000864067085191   0.000465797506812   0.000577098003199   0.000647913641893   0.027385627021404   0.000630592106219
   0.000417308322832   0.000562566800009   0.027460273873628   0.000637138550247   0.000237458809401   0.000619019794508
   0.000427156639058   0.000466872407431   0.000008706730159   0.000205036177816   0.000248241558846   0.000206746602780
   0.000000960676342   0.000356598714661   0.000000000000000   0.000226176659595   0.000534643210752   0.000587879922625
   0.000000000000001   0.000231953362608   0.000118375798091   0.011741894809243   0.000389201939972   0.000257307538767
   0.000001896147806   0.000413325313700   0.027398672965067   0.027417532106158   0.000209738704536   0.027262020834331
   0.000010999206316   0.000280425961559   0.000146735303574   0.000605470688208   0.000597198946608   0.000284241771489
   0.000000000000000   0.000113900731968   0.000242496406618   0.000265993378153   0.000019366730501   0.000097737479454
   0.000023389179848   0.031713737217595   0.000000000000000   0.020756863018428   0.000610207300208   0.026516511987224
   0.000037196343763   0.000247653754939   0.000499806982876   0.000205792570259   0.027309661816067   0.000380403664796
   0.000448059302151   0.001235514697675   0.000313607280522   0.000388878274314   0.000551356040589   0.000346073327554
   0.000528495626342   0.000243439455846   0.027415708977721   0.029936304116145   0.027424327895491   0.000214842439635
   0.000817594609948   0.000205878027759   0.000246558097209   0.000397526593525   0.000322767030431   0.020672244555730
   0.000212273064718   0.000133912096697   0.000000134846771   0.000000234819874   0.000216190421586   0.025578804834671
   0.000000000000002   0.000346678289728   0.000518070338027   0.000256985270489   0.000457709391336   0.000235419839704
   0.000163923328974   0.000509533079182   0.027676920868636   0.000000000000000   0.000013953847177   0.000000000000000
   0.000000087246630   0.000000005004226   0.000309666093544   0.020672244555719   0.000335585062246   0.027402218957576
   0.000009419050797   0.000460521018855   0.027405771884376   0.000205501018700   0.000249022232814   0.000205036177278
   0.000502661457046   0.000370237483603   0.000360606299246   0.000420825551757   0.000205104045562   0.000205049190970
   0.000000000000713   0.000313501272294   0.000849258242548   0.027467904317748   0.000000000000000   0.000215342666961
   0.000000000000000   0.000493325844363   0.000890445084482   0.020672245314454   0.000468273999161   0.000000223052921
   0.000000000000000   0.000000000000000   0.000540428763617   0.000637102604147   0.023146895890877   0.027304289687097
   0.000001122506640   0.000205036423323   0.000298756462581   0.000497006558272   0.000513579949932   0.000000882640191
   0.000003315015292   0.000443584508933   0.000335372132525   0.000316132699748   0.027214459804872   0.027432801683411
   0.000000424382917   0.029139797261244   0.000486855829414   0.000588925920011   0.000000000000000   0.000636609366652


corrida =

    26


Solutions =

   0.000864067085191   0.000465797506812   0.000577098003199   0.000647913641893   0.027385627021404   0.000630592106219
   0.000417308322832   0.000562566800009   0.027460273873628   0.000637138550247   0.000237458809401   0.000619019794508
   0.000427156639058   0.000466872407431   0.000008706730159   0.000205036177816   0.000248241558846   0.000206746602780
   0.000000960676342   0.000356598714661   0.000000000000000   0.000226176659595   0.000534643210752   0.000587879922625
   0.000000000000001   0.000231953362608   0.000118375798091   0.011741894809243   0.000389201939972   0.000257307538767
   0.000001896147806   0.000413325313700   0.027398672965067   0.027417532106158   0.000209738704536   0.027262020834331
   0.000010999206316   0.000280425961559   0.000146735303574   0.000605470688208   0.000597198946608   0.000284241771489
   0.000000000000000   0.000113900731968   0.000242496406618   0.000265993378153   0.000019366730501   0.000097737479454
   0.000023389179848   0.031713737217595   0.000000000000000   0.020756863018428   0.000610207300208   0.026516511987224
   0.000037196343763   0.000247653754939   0.000499806982876   0.000205792570259   0.027309661816067   0.000380403664796
   0.000448059302151   0.001235514697675   0.000313607280522   0.000388878274314   0.000551356040589   0.000346073327554
   0.000528495626342   0.000243439455846   0.027415708977721   0.029936304116145   0.027424327895491   0.000214842439635
   0.000817594609948   0.000205878027759   0.000246558097209   0.000397526593525   0.000322767030431   0.020672244555730
   0.000212273064718   0.000133912096697   0.000000134846771   0.000000234819874   0.000216190421586   0.025578804834671
   0.000000000000002   0.000346678289728   0.000518070338027   0.000256985270489   0.000457709391336   0.000235419839704
   0.000163923328974   0.000509533079182   0.027676920868636   0.000000000000000   0.000013953847177   0.000000000000000
   0.000000087246630   0.000000005004226   0.000309666093544   0.020672244555719   0.000335585062246   0.027402218957576
   0.000009419050797   0.000460521018855   0.027405771884376   0.000205501018700   0.000249022232814   0.000205036177278
   0.000502661457046   0.000370237483603   0.000360606299246   0.000420825551757   0.000205104045562   0.000205049190970
   0.000000000000713   0.000313501272294   0.000849258242548   0.027467904317748   0.000000000000000   0.000215342666961
   0.000000000000000   0.000493325844363   0.000890445084482   0.020672245314454   0.000468273999161   0.000000223052921
   0.000000000000000   0.000000000000000   0.000540428763617   0.000637102604147   0.023146895890877   0.027304289687097
   0.000001122506640   0.000205036423323   0.000298756462581   0.000497006558272   0.000513579949932   0.000000882640191
   0.000003315015292   0.000443584508933   0.000335372132525   0.000316132699748   0.027214459804872   0.027432801683411
   0.000000424382917   0.029139797261244   0.000486855829414   0.000588925920011   0.000000000000000   0.000636609366652
   0.000000000000000   0.000781046767106   0.000596632364630   0.027463958579272   0.000434546452959   0.000566885222057


corrida =

    27


Solutions =

   0.000864067085191   0.000465797506812   0.000577098003199   0.000647913641893   0.027385627021404   0.000630592106219
   0.000417308322832   0.000562566800009   0.027460273873628   0.000637138550247   0.000237458809401   0.000619019794508
   0.000427156639058   0.000466872407431   0.000008706730159   0.000205036177816   0.000248241558846   0.000206746602780
   0.000000960676342   0.000356598714661   0.000000000000000   0.000226176659595   0.000534643210752   0.000587879922625
   0.000000000000001   0.000231953362608   0.000118375798091   0.011741894809243   0.000389201939972   0.000257307538767
   0.000001896147806   0.000413325313700   0.027398672965067   0.027417532106158   0.000209738704536   0.027262020834331
   0.000010999206316   0.000280425961559   0.000146735303574   0.000605470688208   0.000597198946608   0.000284241771489
   0.000000000000000   0.000113900731968   0.000242496406618   0.000265993378153   0.000019366730501   0.000097737479454
   0.000023389179848   0.031713737217595   0.000000000000000   0.020756863018428   0.000610207300208   0.026516511987224
   0.000037196343763   0.000247653754939   0.000499806982876   0.000205792570259   0.027309661816067   0.000380403664796
   0.000448059302151   0.001235514697675   0.000313607280522   0.000388878274314   0.000551356040589   0.000346073327554
   0.000528495626342   0.000243439455846   0.027415708977721   0.029936304116145   0.027424327895491   0.000214842439635
   0.000817594609948   0.000205878027759   0.000246558097209   0.000397526593525   0.000322767030431   0.020672244555730
   0.000212273064718   0.000133912096697   0.000000134846771   0.000000234819874   0.000216190421586   0.025578804834671
   0.000000000000002   0.000346678289728   0.000518070338027   0.000256985270489   0.000457709391336   0.000235419839704
   0.000163923328974   0.000509533079182   0.027676920868636   0.000000000000000   0.000013953847177   0.000000000000000
   0.000000087246630   0.000000005004226   0.000309666093544   0.020672244555719   0.000335585062246   0.027402218957576
   0.000009419050797   0.000460521018855   0.027405771884376   0.000205501018700   0.000249022232814   0.000205036177278
   0.000502661457046   0.000370237483603   0.000360606299246   0.000420825551757   0.000205104045562   0.000205049190970
   0.000000000000713   0.000313501272294   0.000849258242548   0.027467904317748   0.000000000000000   0.000215342666961
   0.000000000000000   0.000493325844363   0.000890445084482   0.020672245314454   0.000468273999161   0.000000223052921
   0.000000000000000   0.000000000000000   0.000540428763617   0.000637102604147   0.023146895890877   0.027304289687097
   0.000001122506640   0.000205036423323   0.000298756462581   0.000497006558272   0.000513579949932   0.000000882640191
   0.000003315015292   0.000443584508933   0.000335372132525   0.000316132699748   0.027214459804872   0.027432801683411
   0.000000424382917   0.029139797261244   0.000486855829414   0.000588925920011   0.000000000000000   0.000636609366652
   0.000000000000000   0.000781046767106   0.000596632364630   0.027463958579272   0.000434546452959   0.000566885222057
   0.027631158959809   0.000275896934179   0.000000000000000   0.000000000000000   0.000349545014115   0.000000000000000


corrida =

    28


Solutions =

   0.000864067085191   0.000465797506812   0.000577098003199   0.000647913641893   0.027385627021404   0.000630592106219
   0.000417308322832   0.000562566800009   0.027460273873628   0.000637138550247   0.000237458809401   0.000619019794508
   0.000427156639058   0.000466872407431   0.000008706730159   0.000205036177816   0.000248241558846   0.000206746602780
   0.000000960676342   0.000356598714661   0.000000000000000   0.000226176659595   0.000534643210752   0.000587879922625
   0.000000000000001   0.000231953362608   0.000118375798091   0.011741894809243   0.000389201939972   0.000257307538767
   0.000001896147806   0.000413325313700   0.027398672965067   0.027417532106158   0.000209738704536   0.027262020834331
   0.000010999206316   0.000280425961559   0.000146735303574   0.000605470688208   0.000597198946608   0.000284241771489
   0.000000000000000   0.000113900731968   0.000242496406618   0.000265993378153   0.000019366730501   0.000097737479454
   0.000023389179848   0.031713737217595   0.000000000000000   0.020756863018428   0.000610207300208   0.026516511987224
   0.000037196343763   0.000247653754939   0.000499806982876   0.000205792570259   0.027309661816067   0.000380403664796
   0.000448059302151   0.001235514697675   0.000313607280522   0.000388878274314   0.000551356040589   0.000346073327554
   0.000528495626342   0.000243439455846   0.027415708977721   0.029936304116145   0.027424327895491   0.000214842439635
   0.000817594609948   0.000205878027759   0.000246558097209   0.000397526593525   0.000322767030431   0.020672244555730
   0.000212273064718   0.000133912096697   0.000000134846771   0.000000234819874   0.000216190421586   0.025578804834671
   0.000000000000002   0.000346678289728   0.000518070338027   0.000256985270489   0.000457709391336   0.000235419839704
   0.000163923328974   0.000509533079182   0.027676920868636   0.000000000000000   0.000013953847177   0.000000000000000
   0.000000087246630   0.000000005004226   0.000309666093544   0.020672244555719   0.000335585062246   0.027402218957576
   0.000009419050797   0.000460521018855   0.027405771884376   0.000205501018700   0.000249022232814   0.000205036177278
   0.000502661457046   0.000370237483603   0.000360606299246   0.000420825551757   0.000205104045562   0.000205049190970
   0.000000000000713   0.000313501272294   0.000849258242548   0.027467904317748   0.000000000000000   0.000215342666961
   0.000000000000000   0.000493325844363   0.000890445084482   0.020672245314454   0.000468273999161   0.000000223052921
   0.000000000000000   0.000000000000000   0.000540428763617   0.000637102604147   0.023146895890877   0.027304289687097
   0.000001122506640   0.000205036423323   0.000298756462581   0.000497006558272   0.000513579949932   0.000000882640191
   0.000003315015292   0.000443584508933   0.000335372132525   0.000316132699748   0.027214459804872   0.027432801683411
   0.000000424382917   0.029139797261244   0.000486855829414   0.000588925920011   0.000000000000000   0.000636609366652
   0.000000000000000   0.000781046767106   0.000596632364630   0.027463958579272   0.000434546452959   0.000566885222057
   0.027631158959809   0.000275896934179   0.000000000000000   0.000000000000000   0.000349545014115   0.000000000000000
   0.000197711630619   0.000249949454193   0.000218202652027   0.000000000000000   0.000350395804288   0.027311361081112


corrida =

    29


Solutions =

   0.000864067085191   0.000465797506812   0.000577098003199   0.000647913641893   0.027385627021404   0.000630592106219
   0.000417308322832   0.000562566800009   0.027460273873628   0.000637138550247   0.000237458809401   0.000619019794508
   0.000427156639058   0.000466872407431   0.000008706730159   0.000205036177816   0.000248241558846   0.000206746602780
   0.000000960676342   0.000356598714661   0.000000000000000   0.000226176659595   0.000534643210752   0.000587879922625
   0.000000000000001   0.000231953362608   0.000118375798091   0.011741894809243   0.000389201939972   0.000257307538767
   0.000001896147806   0.000413325313700   0.027398672965067   0.027417532106158   0.000209738704536   0.027262020834331
   0.000010999206316   0.000280425961559   0.000146735303574   0.000605470688208   0.000597198946608   0.000284241771489
   0.000000000000000   0.000113900731968   0.000242496406618   0.000265993378153   0.000019366730501   0.000097737479454
   0.000023389179848   0.031713737217595   0.000000000000000   0.020756863018428   0.000610207300208   0.026516511987224
   0.000037196343763   0.000247653754939   0.000499806982876   0.000205792570259   0.027309661816067   0.000380403664796
   0.000448059302151   0.001235514697675   0.000313607280522   0.000388878274314   0.000551356040589   0.000346073327554
   0.000528495626342   0.000243439455846   0.027415708977721   0.029936304116145   0.027424327895491   0.000214842439635
   0.000817594609948   0.000205878027759   0.000246558097209   0.000397526593525   0.000322767030431   0.020672244555730
   0.000212273064718   0.000133912096697   0.000000134846771   0.000000234819874   0.000216190421586   0.025578804834671
   0.000000000000002   0.000346678289728   0.000518070338027   0.000256985270489   0.000457709391336   0.000235419839704
   0.000163923328974   0.000509533079182   0.027676920868636   0.000000000000000   0.000013953847177   0.000000000000000
   0.000000087246630   0.000000005004226   0.000309666093544   0.020672244555719   0.000335585062246   0.027402218957576
   0.000009419050797   0.000460521018855   0.027405771884376   0.000205501018700   0.000249022232814   0.000205036177278
   0.000502661457046   0.000370237483603   0.000360606299246   0.000420825551757   0.000205104045562   0.000205049190970
   0.000000000000713   0.000313501272294   0.000849258242548   0.027467904317748   0.000000000000000   0.000215342666961
   0.000000000000000   0.000493325844363   0.000890445084482   0.020672245314454   0.000468273999161   0.000000223052921
   0.000000000000000   0.000000000000000   0.000540428763617   0.000637102604147   0.023146895890877   0.027304289687097
   0.000001122506640   0.000205036423323   0.000298756462581   0.000497006558272   0.000513579949932   0.000000882640191
   0.000003315015292   0.000443584508933   0.000335372132525   0.000316132699748   0.027214459804872   0.027432801683411
   0.000000424382917   0.029139797261244   0.000486855829414   0.000588925920011   0.000000000000000   0.000636609366652
   0.000000000000000   0.000781046767106   0.000596632364630   0.027463958579272   0.000434546452959   0.000566885222057
   0.027631158959809   0.000275896934179   0.000000000000000   0.000000000000000   0.000349545014115   0.000000000000000
   0.000197711630619   0.000249949454193   0.000218202652027   0.000000000000000   0.000350395804288   0.027311361081112
   0.000000000016004   0.000003696399780   0.000486628427200   0.000457620064263   0.000630620778985   0.000684729374223


corrida =

    30


Solutions =

   0.000864067085191   0.000465797506812   0.000577098003199   0.000647913641893   0.027385627021404   0.000630592106219
   0.000417308322832   0.000562566800009   0.027460273873628   0.000637138550247   0.000237458809401   0.000619019794508
   0.000427156639058   0.000466872407431   0.000008706730159   0.000205036177816   0.000248241558846   0.000206746602780
   0.000000960676342   0.000356598714661   0.000000000000000   0.000226176659595   0.000534643210752   0.000587879922625
   0.000000000000001   0.000231953362608   0.000118375798091   0.011741894809243   0.000389201939972   0.000257307538767
   0.000001896147806   0.000413325313700   0.027398672965067   0.027417532106158   0.000209738704536   0.027262020834331
   0.000010999206316   0.000280425961559   0.000146735303574   0.000605470688208   0.000597198946608   0.000284241771489
   0.000000000000000   0.000113900731968   0.000242496406618   0.000265993378153   0.000019366730501   0.000097737479454
   0.000023389179848   0.031713737217595   0.000000000000000   0.020756863018428   0.000610207300208   0.026516511987224
   0.000037196343763   0.000247653754939   0.000499806982876   0.000205792570259   0.027309661816067   0.000380403664796
   0.000448059302151   0.001235514697675   0.000313607280522   0.000388878274314   0.000551356040589   0.000346073327554
   0.000528495626342   0.000243439455846   0.027415708977721   0.029936304116145   0.027424327895491   0.000214842439635
   0.000817594609948   0.000205878027759   0.000246558097209   0.000397526593525   0.000322767030431   0.020672244555730
   0.000212273064718   0.000133912096697   0.000000134846771   0.000000234819874   0.000216190421586   0.025578804834671
   0.000000000000002   0.000346678289728   0.000518070338027   0.000256985270489   0.000457709391336   0.000235419839704
   0.000163923328974   0.000509533079182   0.027676920868636   0.000000000000000   0.000013953847177   0.000000000000000
   0.000000087246630   0.000000005004226   0.000309666093544   0.020672244555719   0.000335585062246   0.027402218957576
   0.000009419050797   0.000460521018855   0.027405771884376   0.000205501018700   0.000249022232814   0.000205036177278
   0.000502661457046   0.000370237483603   0.000360606299246   0.000420825551757   0.000205104045562   0.000205049190970
   0.000000000000713   0.000313501272294   0.000849258242548   0.027467904317748   0.000000000000000   0.000215342666961
   0.000000000000000   0.000493325844363   0.000890445084482   0.020672245314454   0.000468273999161   0.000000223052921
   0.000000000000000   0.000000000000000   0.000540428763617   0.000637102604147   0.023146895890877   0.027304289687097
   0.000001122506640   0.000205036423323   0.000298756462581   0.000497006558272   0.000513579949932   0.000000882640191
   0.000003315015292   0.000443584508933   0.000335372132525   0.000316132699748   0.027214459804872   0.027432801683411
   0.000000424382917   0.029139797261244   0.000486855829414   0.000588925920011   0.000000000000000   0.000636609366652
   0.000000000000000   0.000781046767106   0.000596632364630   0.027463958579272   0.000434546452959   0.000566885222057
   0.027631158959809   0.000275896934179   0.000000000000000   0.000000000000000   0.000349545014115   0.000000000000000
   0.000197711630619   0.000249949454193   0.000218202652027   0.000000000000000   0.000350395804288   0.027311361081112
   0.000000000016004   0.000003696399780   0.000486628427200   0.000457620064263   0.000630620778985   0.000684729374223
   0.000179205240610   0.027313778605706   0.000399218513892   0.000281774390354   0.000573892297662   0.000000000000000


corrida =

    31


Solutions =

   0.000864067085191   0.000465797506812   0.000577098003199   0.000647913641893   0.027385627021404   0.000630592106219
   0.000417308322832   0.000562566800009   0.027460273873628   0.000637138550247   0.000237458809401   0.000619019794508
   0.000427156639058   0.000466872407431   0.000008706730159   0.000205036177816   0.000248241558846   0.000206746602780
   0.000000960676342   0.000356598714661   0.000000000000000   0.000226176659595   0.000534643210752   0.000587879922625
   0.000000000000001   0.000231953362608   0.000118375798091   0.011741894809243   0.000389201939972   0.000257307538767
   0.000001896147806   0.000413325313700   0.027398672965067   0.027417532106158   0.000209738704536   0.027262020834331
   0.000010999206316   0.000280425961559   0.000146735303574   0.000605470688208   0.000597198946608   0.000284241771489
   0.000000000000000   0.000113900731968   0.000242496406618   0.000265993378153   0.000019366730501   0.000097737479454
   0.000023389179848   0.031713737217595   0.000000000000000   0.020756863018428   0.000610207300208   0.026516511987224
   0.000037196343763   0.000247653754939   0.000499806982876   0.000205792570259   0.027309661816067   0.000380403664796
   0.000448059302151   0.001235514697675   0.000313607280522   0.000388878274314   0.000551356040589   0.000346073327554
   0.000528495626342   0.000243439455846   0.027415708977721   0.029936304116145   0.027424327895491   0.000214842439635
   0.000817594609948   0.000205878027759   0.000246558097209   0.000397526593525   0.000322767030431   0.020672244555730
   0.000212273064718   0.000133912096697   0.000000134846771   0.000000234819874   0.000216190421586   0.025578804834671
   0.000000000000002   0.000346678289728   0.000518070338027   0.000256985270489   0.000457709391336   0.000235419839704
   0.000163923328974   0.000509533079182   0.027676920868636   0.000000000000000   0.000013953847177   0.000000000000000
   0.000000087246630   0.000000005004226   0.000309666093544   0.020672244555719   0.000335585062246   0.027402218957576
   0.000009419050797   0.000460521018855   0.027405771884376   0.000205501018700   0.000249022232814   0.000205036177278
   0.000502661457046   0.000370237483603   0.000360606299246   0.000420825551757   0.000205104045562   0.000205049190970
   0.000000000000713   0.000313501272294   0.000849258242548   0.027467904317748   0.000000000000000   0.000215342666961
   0.000000000000000   0.000493325844363   0.000890445084482   0.020672245314454   0.000468273999161   0.000000223052921
   0.000000000000000   0.000000000000000   0.000540428763617   0.000637102604147   0.023146895890877   0.027304289687097
   0.000001122506640   0.000205036423323   0.000298756462581   0.000497006558272   0.000513579949932   0.000000882640191
   0.000003315015292   0.000443584508933   0.000335372132525   0.000316132699748   0.027214459804872   0.027432801683411
   0.000000424382917   0.029139797261244   0.000486855829414   0.000588925920011   0.000000000000000   0.000636609366652
   0.000000000000000   0.000781046767106   0.000596632364630   0.027463958579272   0.000434546452959   0.000566885222057
   0.027631158959809   0.000275896934179   0.000000000000000   0.000000000000000   0.000349545014115   0.000000000000000
   0.000197711630619   0.000249949454193   0.000218202652027   0.000000000000000   0.000350395804288   0.027311361081112
   0.000000000016004   0.000003696399780   0.000486628427200   0.000457620064263   0.000630620778985   0.000684729374223
   0.000179205240610   0.027313778605706   0.000399218513892   0.000281774390354   0.000573892297662   0.000000000000000
   0.000197626694052   0.000298421307551   0.000432243776409   0.027458965582880   0.000452393752134   0.000000000000000

ALGORTIMO 1

mejor =

     4.590665597406947e-25


peor =

   0.027631158959809


mediana =

     1.099920631574539e-05


promedio =

   0.001054066184981


desviacion =

   0.004938714367754

ALGORTIMO 2

mejor =

     5.806016262426647e-28


peor =

   0.031713737217595


mediana =

     3.466782897277396e-04


promedio =

   0.003157309216243


desviacion =

   0.008750150730893

ALGORTIMO 3

mejor =

     1.262177448353619e-29


peor =

   0.027676920868636


mediana =

     3.992185138922675e-04


promedio =

   0.004717201709632


desviacion =

   0.010145957889707

ALGORTIMO 4

mejor =

     5.048709793414476e-29


peor =

   0.029936304116145


mediana =

     4.576200642631101e-04


promedio =

   0.007123546704247


desviacion =

   0.011201703938133

ALGORTIMO 5

mejor =

     6.310887241768094e-29


peor =

   0.027424327895491


mediana =

     4.345464529588315e-04


promedio =

   0.004562966637113


desviacion =

   0.009802903471714

ALGORTIMO 6

mejor =

     4.922492048579114e-28


peor =

   0.027432801683411


mediana =

     3.460733275539103e-04


promedio =

   0.006963073412901


desviacion =

   0.011579920304290

******* Friedman Test results ********

p =

   0.011011373148826


tbl = 

    'Source'     'SS'                       'df'     'MS'                    'Chi-sq'                'Prob>Chi-sq'      
    'Columns'    [   51.983870967741922]    [  5]    [10.396774193548385]    [14.852534562211977]    [0.011011373148826]
    'Error'      [4.905161290322581e+02]    [150]    [ 3.270107526881720]                      []                     []
    'Total'      [5.425000000000000e+02]    [185]                      []                      []                     []


stats = 

       source: 'friedman'
            n: 31
    meanranks: [2.419354838709678 3.645161290322581 3.387096774193549 4 3.967741935483871 3.580645161290323]
        sigma: 1.870828693386971

******* Bonferrony Test results ******
Note: Intervals can be used for testing but are not simultaneous confidence intervals.

results =

   1.000000000000000   2.000000000000000  -2.620586714735048  -1.225806451612903   0.168973811509242
   1.000000000000000   3.000000000000000  -2.362522198606016  -0.967741935483871   0.427038327638274
   1.000000000000000   4.000000000000000  -2.975425424412467  -1.580645161290323  -0.185864898168178
   1.000000000000000   5.000000000000000  -2.943167359896338  -1.548387096774194  -0.153606833652049
   1.000000000000000   6.000000000000000  -2.556070585702790  -1.161290322580645   0.233489940541500
   2.000000000000000   3.000000000000000  -1.136715746993113   0.258064516129032   1.652844779251177
   2.000000000000000   4.000000000000000  -1.749618972799564  -0.354838709677419   1.039941553444725
   2.000000000000000   5.000000000000000  -1.717360908283435  -0.322580645161290   1.072199617960854
   2.000000000000000   6.000000000000000  -1.330264134089887   0.064516129032258   1.459296392154403
   3.000000000000000   4.000000000000000  -2.007683488928596  -0.612903225806452   0.781877037315693
   3.000000000000000   5.000000000000000  -1.975425424412467  -0.580645161290323   0.814135101831822
   3.000000000000000   6.000000000000000  -1.588328650218919  -0.193548387096774   1.201231876025371
   4.000000000000000   5.000000000000000  -1.362522198606016   0.032258064516129   1.427038327638274
   4.000000000000000   6.000000000000000  -0.975425424412467   0.419354838709677   1.814135101831822
   5.000000000000000   6.000000000000000  -1.007683488928596   0.387096774193548   1.781877037315693


means =

   2.419354838709678   0.336010752516124
   3.645161290322581   0.336010752516124
   3.387096774193549   0.336010752516124
   4.000000000000000   0.336010752516124
   3.967741935483871   0.336010752516124
   3.580645161290323   0.336010752516124


h =

     1

>> 